1 0.05647709320695103 0.510536633679575 0.04186413902053712 0.578440520917745
0 0.09044233807266983 0.5155665512527727 0.04186413902053712 0.578440520917745
1 0.12361769352290679 0.510536633679575 0.04186413902053712 0.578440520917745
0 0.15679304897314375 0.5055067161063772 0.04186413902053712 0.578440520917745
1 0.18996840442338073 0.5055067161063772 0.04186413902053712 0.578440520917745
1 0.22551342812006317 0.5004767985331794 0.04186413902053712 0.578440520917745
0 0.2555292259083728 0.49544688095998163 0.04186413902053712 0.578440520917745
0 0.28949447077409163 0.5055067161063772 0.04186413902053712 0.578440520917745
0 0.32187993680884674 0.510536633679575 0.04186413902053712 0.578440520917745
0 0.35663507109004733 0.510536633679575 0.04186413902053712 0.578440520917745
1 0.391390205371248 0.5055067161063772 0.04186413902053712 0.578440520917745
1 0.42377567140600314 0.5055067161063772 0.04186413902053712 0.578440520917745
0 0.4569510268562402 0.485387045813586 0.04186413902053712 0.578440520917745
1 0.4909162717219589 0.485387045813586 0.04186413902053712 0.578440520917745
0 0.5225118483412323 0.485387045813586 0.04186413902053712 0.578440520917745
1 0.557266982622433 0.5004767985331794 0.04186413902053712 0.578440520917745
0 0.5896524486571881 0.5055067161063772 0.04186413902053712 0.578440520917745
0 0.623617693522907 0.5055067161063772 0.04186413902053712 0.578440520917745
1 0.6915481832543448 0.5055067161063772 0.04186413902053712 0.578440520917745
1 0.6575829383886257 0.49041696338678387 0.04186413902053712 0.578440520917745
1 0.7239336492890999 0.49544688095998163 0.04186413902053712 0.578440520917745
1 0.7578988941548185 0.485387045813586 0.04186413902053712 0.578440520917745
0 0.7902843601895738 0.49041696338678387 0.04186413902053712 0.578440520917745
1 0.7239336492890999 0.49544688095998163 0.04186413902053712 0.578440520917745
1 0.8250394944707744 0.49544688095998163 0.04186413902053712 0.578440520917745
1 0.8582148499210115 0.5004767985331794 0.04186413902053712 0.578440520917745
1 0.8913902053712485 0.49544688095998163 0.04186413902053712 0.578440520917745
0 0.9221958925750401 0.5055067161063772 0.04186413902053712 0.578440520917745
1 0.9609004739336499 0.5055067161063772 0.04186413902053712 0.578440520917745
