1 0.23080857019810508 0.9212239583333333 0.08770725667527994 0.08463541666666657
1 0.29312688415159344 0.9225260416666667 0.08770725667527994 0.08463541666666657
1 0.35775328380706284 0.9212239583333335 0.08770725667527994 0.08463541666666657
1 0.42237968346253235 0.9238281250000001 0.08770725667527994 0.08463541666666657
1 0.48469799741602065 0.9251302083333335 0.08770725667527994 0.08463541666666657
1 0.5470163113695091 0.9264322916666667 0.08770725667527994 0.08463541666666657
1 0.6116427110249785 0.9251302083333335 0.08770725667527994 0.08463541666666657
1 0.6647286821705426 0.9251302083333335 0.08770725667527994 0.08463541666666657
1 0.731663167527993 0.9225260416666667 0.08770725667527994 0.08463541666666657
1 0.7939814814814814 0.9238281250000001 0.08770725667527994 0.08463541666666657
1 0.8793806524547798 0.8606770833333326 0.13386897071490123 0.05729166666666583
1 0.8816887381567605 0.8255208333333326 0.13386897071490123 0.04947916666666554
1 0.8793806524547795 0.7903645833333326 0.13386897071490123 0.04947916666666554
1 0.8770725667527983 0.7552083333333326 0.13386897071490123 0.04947916666666554
1 0.8793806524547795 0.7187499999999993 0.13386897071490123 0.04947916666666554
1 0.8839968238587416 0.6835937499999993 0.13386897071490123 0.04947916666666554
1 0.8770725667527983 0.6497395833333326 0.13386897071490123 0.04947916666666554
1 0.8793806524547795 0.615885416666666 0.13386897071490123 0.04947916666666554
1 0.8793806524547795 0.5781249999999993 0.13386897071490123 0.04947916666666554
1 0.8793806524547795 0.5429687499999993 0.13386897071490123 0.04947916666666554
1 0.8863049095607226 0.5091145833333326 0.13386897071490123 0.04947916666666554
1 0.8816887381567605 0.471354166666666 0.13386897071490123 0.04947916666666554
1 0.8770725667527983 0.43880208333333265 0.13386897071490123 0.04947916666666554
1 0.8793806524547795 0.4023437499999993 0.13386897071490123 0.04947916666666554
1 0.8747644810508173 0.369791666666666 0.13386897071490123 0.04947916666666554
1 0.8816887381567605 0.3320312499999993 0.13386897071490123 0.04947916666666554
1 0.8816887381567605 0.2968749999999993 0.13386897071490123 0.04947916666666554
1 0.8793806524547795 0.2617187499999993 0.13386897071490123 0.04947916666666554
1 0.8747644810508173 0.22786458333333265 0.13386897071490123 0.04947916666666554
1 0.8793806524547795 0.19140624999999928 0.13386897071490123 0.04947916666666554
1 0.8747644810508173 0.15755208333333257 0.13386897071490123 0.04947916666666554
1 0.8724563953488362 0.1223958333333326 0.13386897071490123 0.04947916666666554
1 0.8747644810508173 0.08723958333333258 0.13386897071490123 0.04947916666666554
1 0.8770725667527983 0.05468749999999925 0.13386897071490123 0.04947916666666554
1 0.5700971683893189 0.7343749999999994 0.13386897071490125 0.04947916666666569
1 0.5712512112403093 0.7005208333333325 0.1500255706287689 0.049479166666665714
1 0.5712512112403093 0.6653645833333325 0.1500255706287689 0.049479166666665714
1 0.5712512112403093 0.6302083333333325 0.1500255706287689 0.049479166666665714
1 0.5689431255383282 0.5937499999999991 0.1500255706287689 0.049479166666665714
1 0.5666350398363471 0.5624999999999991 0.1500255706287689 0.049479166666665714
1 0.5689431255383282 0.5247395833333325 0.1500255706287689 0.049479166666665714
1 0.5735592969422904 0.49088541666666574 0.1500255706287689 0.049479166666665714
1 0.5666350398363471 0.45312499999999906 0.1500255706287689 0.049479166666665714
1 0.5712512112403093 0.41796874999999906 0.1500255706287689 0.049479166666665714
1 0.5689431255383282 0.38281249999999906 0.1500255706287689 0.049479166666665714
1 0.5666350398363471 0.3255208333333324 0.1500255706287689 0.049479166666665714
1 0.5735592969422904 0.2903645833333324 0.1500255706287689 0.049479166666665714
1 0.5643269541343661 0.25651041666666574 0.1500255706287689 0.049479166666665714
1 0.566635039836347 0.2213541666666658 0.1500255706287689 0.049479166666665714
1 0.5597107827304039 0.18489583333333243 0.1500255706287689 0.049479166666665714
1 0.566635039836347 0.1510416666666658 0.1500255706287689 0.049479166666665714
1 0.5643269541343661 0.11718749999999911 0.1500255706287689 0.049479166666665714
1 0.5689431255383282 0.08333333333333245 0.1500255706287689 0.049479166666665714
1 0.5689431255383282 0.044270833333332454 0.1500255706287689 0.049479166666665714
1 0.43507415482342715 0.04557291666666578 0.1500255706287689 0.049479166666665714
1 0.44199841192937034 0.07942708333333245 0.1500255706287689 0.049479166666665714
1 0.43507415482342715 0.11718749999999911 0.1500255706287689 0.049479166666665714
1 0.4396903262273893 0.14973958333333245 0.1500255706287689 0.049479166666665714
1 0.4373822405254082 0.1835937499999991 0.1500255706287689 0.049479166666665714
1 0.428149897717484 0.22005208333333243 0.1500255706287689 0.049479166666665714
1 0.4443064976313514 0.2513020833333324 0.1500255706287689 0.049479166666665714
1 0.4396903262273893 0.2890624999999991 0.1500255706287689 0.049479166666665714
1 0.4373822405254082 0.3216145833333324 0.1500255706287689 0.049479166666665714
1 0.44199841192937034 0.38281249999999906 0.1500255706287689 0.049479166666665714
1 0.43507415482342715 0.4192708333333324 0.1500255706287689 0.049479166666665714
1 0.43276606912144616 0.45312499999999906 0.1500255706287689 0.049479166666665714
1 0.4350741548234273 0.4895833333333324 0.1500255706287689 0.049479166666665714
1 0.4304579834194652 0.5221354166666657 0.1500255706287689 0.049479166666665714
1 0.4373822405254083 0.5585937499999991 0.1500255706287689 0.049479166666665714
1 0.44199841192937045 0.5924479166666657 0.1500255706287689 0.049479166666665714
1 0.4373822405254083 0.6315104166666657 0.1500255706287689 0.049479166666665714
1 0.4304579834194652 0.6653645833333325 0.1500255706287689 0.049479166666665714
1 0.44430649763135144 0.7005208333333325 0.1500255706287689 0.049479166666665714
1 0.4304579834194652 0.738281249999999 0.1500255706287689 0.049479166666665714
1 0.1373310992678717 0.8502604166666656 0.1500255706287689 0.049479166666665714
1 0.1280987564599475 0.8164062499999989 0.1500255706287689 0.049479166666665714
1 0.12579067075796643 0.7812499999999989 0.1500255706287689 0.049479166666665714
1 0.1280987564599475 0.7473958333333323 0.1500255706287689 0.049479166666665714
1 0.13040684216192855 0.7135416666666654 0.1500255706287689 0.049479166666665714
1 0.1280987564599475 0.6783854166666656 0.1500255706287689 0.049479166666665714
1 0.13040684216192855 0.6406249999999989 0.1500255706287689 0.049479166666665714
1 0.1280987564599475 0.6067708333333323 0.1500255706287689 0.049479166666665714
1 0.13040684216192855 0.5690104166666656 0.1500255706287689 0.049479166666665714
1 0.13733109926787168 0.5338541666666656 0.1500255706287689 0.049479166666665714
1 0.12117449935400433 0.5013020833333323 0.1500255706287689 0.049479166666665714
1 0.12579067075796643 0.4661458333333322 0.1500255706287689 0.049479166666665714
1 0.12117449935400433 0.4257812499999989 0.1500255706287689 0.049479166666665714
1 0.12348258505598539 0.3958333333333322 0.1500255706287689 0.049479166666665714
1 0.12117449935400433 0.3593749999999989 0.1500255706287689 0.049479166666665714
1 0.11655832795004223 0.3229166666666655 0.1500255706287689 0.049479166666665714
1 0.12348258505598539 0.2890624999999989 0.1500255706287689 0.049479166666665714
1 0.11655832795004224 0.2552083333333322 0.1500255706287689 0.049479166666665714
1 0.11425024224806118 0.21874999999999886 0.1500255706287689 0.049479166666665714
1 0.11194215654608014 0.18489583333333218 0.1500255706287689 0.049479166666665714
1 0.12117449935400433 0.14843749999999886 0.1500255706287689 0.049479166666665714
1 0.1234825850559854 0.11458333333333219 0.1500255706287689 0.049479166666665714
1 0.12117449935400433 0.07942708333333216 0.1500255706287689 0.049479166666665714
1 0.1234825850559854 0.04427083333333217 0.1500255706287689 0.049479166666665714
