0 0.23011978063206215 0.32747395833333326 0.08666302524717512 0.06901041666666671
0 0.305424059851695 0.32877604166666674 0.07572497351694901 0.06901041666666678
0 0.46528789283192107 0.33789062500000006 0.07572497351694901 0.06901041666666678
0 0.7118147510593221 0.35221354166666674 0.07572497351694901 0.06901041666666678
0 0.7841741701977402 0.35221354166666674 0.07572497351694901 0.06901041666666678
0 0.5401714777542371 0.41927083333333337 0.07572497351694898 0.08333333333333372
1 0.5359645347810732 0.48307291666666674 0.07572497351694898 0.08333333333333372
0 0.536805923375706 0.5423177083333336 0.07572497351694903 0.07161458333333347
0 0.5334403689971751 0.6009114583333336 0.07572497351694903 0.07161458333333347
0 0.5342817575918078 0.652994791666667 0.07572497351694903 0.07161458333333347
0 0.5300748146186437 0.7148437500000004 0.07572497351694901 0.07812500000000028
0 0.46276372704802227 0.7760416666666672 0.07572497351694901 0.07812500000000028
1 0.46444650423728784 0.7135416666666672 0.07572497351694901 0.07812500000000028
0 0.4661292814265534 0.6510416666666672 0.07572497351694901 0.07812500000000028
0 0.46444650423728784 0.5944010416666674 0.075724973516949 0.07161458333333347
0 0.4636051156426548 0.5377604166666672 0.07572497351694901 0.07031250000000036
0 0.46276372704802204 0.47395833333333387 0.07572497351694901 0.07031250000000036
0 0.46781205861581865 0.41145833333333387 0.07572497351694901 0.07031250000000036
0 0.2961687853107338 0.40234375000000056 0.07572497351694901 0.07031250000000036
0 0.3033205883651124 0.4661458333333331 0.09507691119350276 0.07031250000000032
0 0.29448600812146825 0.5260416666666661 0.08413885946327683 0.07031250000000029
0 0.29280323093220273 0.5833333333333327 0.08413885946327683 0.07031250000000029
0 0.29196184233756994 0.6393229166666661 0.08413885946327683 0.07031250000000029
0 0.29532739671610087 0.7076822916666659 0.08413885946327682 0.07942708333333408
1 0.29196184233756983 0.7610677083333326 0.08413885946327682 0.07942708333333408
0 0.21876103460451893 0.7636718749999994 0.08413885946327682 0.07942708333333408
0 0.22044381179378447 0.7011718749999994 0.08413885946327682 0.07942708333333408
0 0.2196024231991517 0.6438802083333328 0.08413885946327682 0.07942708333333408
0 0.22212658898305 0.5878906249999996 0.08413885946327682 0.07942708333333408
0 0.21707825741525336 0.5384114583333329 0.08413885946327682 0.07942708333333408
0 0.22296797757768275 0.4694010416666663 0.08413885946327682 0.07942708333333408
0 0.22296797757768275 0.4069010416666663 0.08413885946327682 0.07942708333333408
0 0.06268345030014037 0.2337239583333328 0.09002857962570619 0.07942708333333404
0 0.05511095294844541 0.3294270833333328 0.09002857962570611 0.07812500000000058
0 0.055952341543078196 0.39388020833333287 0.09002857962570614 0.07161458333333412
0 0.05342817575917989 0.4459635416666663 0.09002857962570614 0.07161458333333412
0 0.05174539856991433 0.49283854166666624 0.09002857962570608 0.061197916666667435
1 0.7059250308968924 0.7903645833333338 0.075724973516949 0.08593749999999996
0 0.7076078080861583 0.6595052083333338 0.07572497351694903 0.07421874999999999
0 0.7059250308968924 0.7226562500000004 0.075724973516949 0.08593749999999994
0 0.7076078080861583 0.6074218750000006 0.07572497351694903 0.07421874999999999
0 0.7034008651129945 0.5514322916666673 0.07572497351694903 0.07421874999999999
0 0.7025594765183617 0.487630208333334 0.07572497351694903 0.07421874999999999
0 0.70508364230226 0.43164062500000067 0.07572497351694903 0.07421874999999999
0 0.7824913930084746 0.4303385416666674 0.0925527454096044 0.07421874999999993
0 0.777863755737994 0.49153645833333387 0.07993191649011314 0.07421874999999989
0 0.785436253089689 0.5527343750000007 0.10349079713983013 0.07421874999999989
0 0.7791258386299433 0.6061197916666674 0.08918719103107314 0.07421874999999989
0 0.7795465329272595 0.6647135416666685 0.08329747086864404 0.0742187499999999
0 0.7795465329272596 0.7246093750000003 0.08161469367937828 0.0742187499999999
0 0.7753395899540952 0.791666666666667 0.08161469367937828 0.08333333333333308
0 0.9511898062323438 0.8020833333333337 0.08161469367937828 0.08333333333333308
0 0.9469828632591799 0.736979166666667 0.08161469367937828 0.08333333333333308
0 0.946141474664547 0.6425781250000003 0.08161469367937828 0.07942708333333298
0 0.9394103659074847 0.5371093750000003 0.08161469367937828 0.07942708333333298
0 0.9436173088806483 0.4811197916666671 0.08161469367937825 0.07421874999999971
0 0.9453000860699136 0.42773437500000044 0.08161469367937825 0.07421874999999971
0 0.945300086069914 0.3203125000000007 0.08161469367937832 0.05989583333333312
0 0.9427759202860153 0.37434895833333387 0.08161469367937825 0.0690104166666664
0 0.9503484176377102 0.27148437500000067 0.08161469367937825 0.0690104166666664
0 0.05763511873234337 0.5429687500000007 0.08161469367937832 0.05989583333333312
0 0.054269564353812305 0.5957031250000007 0.08161469367937832 0.06380208333333327
0 0.051745398569913996 0.6490885416666674 0.08161469367937832 0.06380208333333327
0 0.051745398569913996 0.7050781250000007 0.08161469367937832 0.06380208333333327
0 0.05511095294844507 0.8131510416666673 0.08161469367937832 0.06380208333333327
0 0.05090400997528123 0.761067708333334 0.08161469367937832 0.06380208333333327
0 0.21539548022598715 0.13736979166666738 0.0454349841101693 0.11588541666666656
0 0.25241657838982895 0.13346354166666738 0.0454349841101693 0.11588541666666656
0 0.2835479563912414 0.13606770833333406 0.0454349841101693 0.11588541666666656
0 0.31720350017655213 0.13736979166666738 0.0454349841101693 0.11588541666666656
0 0.3567487641242921 0.13476562500000072 0.04543498411016929 0.12890624999999997
0 0.3891422250176538 0.14257812500000072 0.04122804113700542 0.11588541666666653
0 0.42532193458686285 0.14518229166666738 0.04122804113700542 0.11588541666666653
0 0.45813608977754083 0.14908854166666738 0.04122804113700542 0.11588541666666653
0 0.5077780168608743 0.15039062500000072 0.04122804113700542 0.11588541666666653
0 0.5397507834569195 0.15299479166666738 0.04122804113700542 0.11588541666666653
0 0.5734063272422303 0.15169270833333404 0.04122804113700542 0.11588541666666653
0 0.6070618710275411 0.15950520833333404 0.04122804113700542 0.11588541666666653
0 0.6415588034074847 0.15950520833333404 0.04122804113700542 0.11588541666666653
0 0.6752143471927954 0.16080729166666738 0.04122804113700542 0.11588541666666653
1 0.7080285023834731 0.16210937500000072 0.04122804113700542 0.11588541666666653
0 0.7429461290607331 0.16341145833333406 0.04543498411016916 0.11588541666666653
0 0.7791258386299422 0.16080729166666735 0.040386652542372545 0.11588541666666653
0 0.8115192995233036 0.16471354166666738 0.04291081832627084 0.11588541666666653
0 0.8460162319032472 0.16471354166666738 0.04291081832627084 0.11588541666666653
0 0.8872442730402529 0.16210937500000072 0.04291081832627084 0.11588541666666653
1 0.05342817575917953 0.8691406250000007 0.08161469367937829 0.07421875000000007
