1 0.6112789577907985 0.876953125 0.19332207573784715 0.08984375
1 0.6112789577907985 0.8404947916666665 0.19332207573784715 0.08984375
1 0.6167246500651041 0.7975260416666665 0.19332207573784715 0.08984375
1 0.6194474962022569 0.7532552083333331 0.19332207573784715 0.08984375
0 0.6085561116536458 0.7089843749999999 0.19332207573784715 0.08984375
1 0.6112789577907985 0.6699218749999999 0.19332207573784715 0.08984375
1 0.6140018039279513 0.6230468749999999 0.19332207573784715 0.08984375
1 0.6085561116536458 0.5813802083333331 0.19332207573784715 0.08984375
1 0.605833265516493 0.5384114583333333 0.19332207573784715 0.08984375
1 0.6167246500651041 0.4954427083333332 0.19332207573784715 0.08984375
1 0.6167246500651041 0.4498697916666665 0.19332207573784715 0.08984375
1 0.6112789577907985 0.40820312499999983 0.19332207573784715 0.08984375
1 0.6112789577907985 0.36914062499999983 0.19332207573784715 0.08984375
1 0.6140018039279513 0.3248697916666665 0.19332207573784715 0.08984375
1 0.6140018039279513 0.2845052083333332 0.19332207573784715 0.08984375
1 0.6140018039279513 0.23632812499999986 0.19332207573784715 0.08984375
1 0.6167246500651041 0.1920572916666665 0.19332207573784715 0.08984375
1 0.6140018039279513 0.15429687499999983 0.19332207573784715 0.08984375
1 0.6194474962022569 0.11263020833333316 0.19332207573784715 0.08984375
0 0.7828182644314233 0.1139322916666665 0.19332207573784715 0.08984375
0 0.7800954182942706 0.15950520833333315 0.19332207573784715 0.08984375
0 0.7800954182942706 0.2076822916666665 0.19332207573784715 0.08984375
1 0.777372572157118 0.24934895833333315 0.19332207573784715 0.08984375
0 0.7828182644314233 0.28841145833333315 0.19332207573784715 0.08984375
1 0.777372572157118 0.33789062499999983 0.19332207573784715 0.08984375
0 0.7800954182942706 0.37695312499999983 0.19332207573784715 0.08984375
1 0.7746497260199652 0.4251302083333332 0.19332207573784715 0.08984375
0 0.7828182644314233 0.45898437499999983 0.19332207573784715 0.08984375
1 0.777372572157118 0.5123697916666665 0.19332207573784715 0.08984375
0 0.7800954182942706 0.5371093749999999 0.19332207573784715 0.08984375
0 0.7855411105685763 0.5852864583333331 0.19332207573784715 0.08984375
1 0.7746497260199652 0.6386718749999999 0.19332207573784715 0.08984375
0 0.777372572157118 0.6686197916666665 0.19332207573784715 0.08984375
0 0.7719268798828122 0.7128906249999999 0.19332207573784715 0.08984375
0 0.7746497260199652 0.7558593749999999 0.19332207573784715 0.08984375
0 0.7692040337456595 0.7988281249999999 0.19332207573784715 0.08984375
0 0.777372572157118 0.8391927083333331 0.19332207573784715 0.08984375
1 0.7664811876085068 0.8847656249999999 0.19332207573784715 0.08984375
1 0.26411607530381914 0.9062499999999996 0.2014906141493051 0.052083333333334106
1 0.26411607530381914 0.8697916666666664 0.2014906141493051 0.05208333333333411
1 0.26411607530381914 0.8307291666666664 0.2014906141493051 0.05208333333333411
1 0.2750074598524303 0.794270833333333 0.2014906141493051 0.05208333333333411
0 0.2695617675781247 0.7499999999999996 0.2014906141493051 0.05208333333333411
1 0.2695617675781247 0.720052083333333 0.2014906141493051 0.05208333333333411
1 0.2695617675781247 0.6796874999999996 0.2014906141493051 0.05208333333333411
1 0.26411607530381914 0.641927083333333 0.2014906141493051 0.05208333333333411
1 0.26683892144097193 0.6041666666666663 0.2014906141493051 0.05208333333333411
1 0.2695617675781247 0.5690104166666663 0.2014906141493051 0.05208333333333411
0 0.2586703830295136 0.5312499999999997 0.2014906141493051 0.05208333333333411
1 0.2586703830295136 0.493489583333333 0.2014906141493051 0.05208333333333411
1 0.2695617675781247 0.45182291666666635 0.2014906141493051 0.05208333333333411
1 0.266838921440972 0.41796874999999967 0.2014906141493051 0.05208333333333411
1 0.2695617675781247 0.37760416666666635 0.2014906141493051 0.05208333333333411
1 0.2613932291666664 0.34244791666666635 0.2014906141493051 0.05208333333333411
1 0.2695617675781248 0.30468749999999967 0.2014906141493051 0.05208333333333411
1 0.2641160753038192 0.2643229166666663 0.2014906141493051 0.05208333333333411
1 0.2750074598524302 0.23046874999999964 0.2014906141493051 0.05208333333333411
1 0.2641160753038192 0.19140624999999964 0.2014906141493051 0.05208333333333411
1 0.266838921440972 0.15364583333333293 0.2014906141493051 0.05208333333333411
1 0.2804531521267359 0.11848958333333295 0.2014906141493051 0.05208333333333411
1 0.2722846137152775 0.08072916666666627 0.2014906141493051 0.05208333333333411
