0 0.09865692515432102 0.15559895833333337 0.0838879243827161 0.1080729166666667
0 0.10338300540123457 0.21419270833333337 0.08388792438271606 0.11588541666666669
0 0.09865692515432102 0.28190104166666674 0.08388792438271606 0.11588541666666669
0 0.13646556712962965 0.38346354166666674 0.06970968364197533 0.11588541666666669
0 0.1648220486111112 0.43359374999999983 0.06970968364197533 0.13802083333333312
0 0.19436005015432106 0.48958333333333315 0.06970968364197533 0.13802083333333312
0 0.2250795717592593 0.5416666666666665 0.06970968364197533 0.13802083333333312
0 0.256980613425926 0.5963541666666664 0.06970968364197533 0.13802083333333312
0 0.28415557484567905 0.665364583333333 0.06970968364197533 0.13802083333333312
0 0.2581621334876544 0.12565104166666632 0.1216965663580247 0.1054687499999996
0 0.3184196566358025 0.124348958333333 0.1216965663580247 0.1054687499999996
0 0.37276957947530875 0.12174479166666632 0.1216965663580247 0.1054687499999996
0 0.4342086226851853 0.12304687499999968 0.1216965663580247 0.1054687499999996
0 0.487377025462963 0.12565104166666632 0.1216965663580247 0.1054687499999996
0 0.5464530285493828 0.12304687499999968 0.1216965663580247 0.1054687499999996
0 0.6031659915123457 0.12304687499999968 0.1216965663580247 0.1054687499999996
1 0.6598789544753088 0.11914062499999968 0.1216965663580247 0.1054687499999996
1 0.7260440779320989 0.12695312499999967 0.1216965663580247 0.1054687499999996
0 0.770941840277778 0.128255208333333 0.1216965663580247 0.1054687499999996
0 0.8235194830246912 0.1230468749999996 0.09924768518518504 0.10546874999999951
0 0.24457465277777757 0.1894531249999996 0.09924768518518505 0.10546874999999951
0 0.2829740547839504 0.1920572916666662 0.12405960648148132 0.10546874999999943
0 0.3455946180555553 0.1946614583333329 0.12405960648148132 0.10546874999999943
0 0.39876302083333315 0.19726562499999958 0.12405960648148132 0.10546874999999943
0 0.45665750385802456 0.20117187499999958 0.12405960648148132 0.10546874999999943
0 0.5133704668209874 0.2024739583333329 0.12405960648148132 0.10546874999999943
0 0.5712649498456789 0.2037760416666662 0.12405960648148132 0.10546874999999943
0 0.625614872685185 0.2024739583333329 0.12405960648148132 0.10546874999999943
0 0.6858723958333333 0.2024739583333329 0.12405960648148132 0.10546874999999943
0 0.7414038387345678 0.2024739583333329 0.12405960648148132 0.10546874999999943
0 0.801661361882716 0.20117187499999958 0.12405960648148132 0.10546874999999943
0 0.8601466049382713 0.20507812499999953 0.11342592592592585 0.10546874999999938
0 0.3349609374999998 0.35351562499999956 0.12405960648148132 0.10546874999999943
0 0.3963999807098764 0.35221354166666624 0.12405960648148132 0.10546874999999943
0 0.46020206404320974 0.35221354166666624 0.12405960648148132 0.10546874999999943
0 0.5121889467592591 0.35221354166666624 0.12405960648148132 0.10546874999999943
0 0.5700834297839505 0.35351562499999956 0.12405960648148132 0.10546874999999943
0 0.6303409529320986 0.35221354166666624 0.12405960648148132 0.10546874999999943
0 0.6811463155864197 0.34960937499999956 0.12405960648148132 0.10546874999999943
0 0.7414038387345678 0.34960937499999956 0.12405960648148132 0.10546874999999943
0 0.7987075617283951 0.34960937499999944 0.11578896604938255 0.10546874999999938
0 0.3704065393518517 0.41992187499999956 0.12405960648148132 0.10546874999999943
0 0.4259379822530863 0.42252604166666624 0.12405960648148132 0.10546874999999943
0 0.4802879050925925 0.42252604166666624 0.12405960648148132 0.10546874999999943
0 0.5417269483024691 0.42643229166666624 0.12405960648148132 0.10546874999999943
0 0.5972583912037037 0.4251302083333329 0.12405960648148132 0.10546874999999943
0 0.6575159143518517 0.42382812499999956 0.12405960648148132 0.10546874999999943
0 0.7142288773148148 0.4251302083333329 0.12405960648148132 0.10546874999999943
0 0.7709418402777777 0.42382812499999956 0.12405960648148132 0.10546874999999943
0 0.8241102430555557 0.4212239583333326 0.11460744598765393 0.10546874999999944
0 0.4743803047839505 0.5735677083333328 0.12405960648148132 0.10546874999999943
0 0.5310932677469133 0.5748697916666662 0.12405960648148132 0.10546874999999943
0 0.5866247106481481 0.5735677083333328 0.12405960648148132 0.10546874999999943
0 0.6527898341049381 0.5735677083333328 0.12405960648148132 0.10546874999999943
0 0.709502797067901 0.5774739583333328 0.12405960648148132 0.10546874999999943
0 0.7638527199074072 0.5826822916666662 0.12405960648148132 0.10546874999999943
0 0.8229287229938267 0.5826822916666662 0.12405960648148132 0.10546874999999943
0 0.39049238040123413 0.7949218749999996 0.12405960648148132 0.10546874999999943
0 0.45311294367283905 0.7936197916666663 0.12405960648148132 0.10546874999999943
0 0.5086443865740736 0.7962239583333328 0.12405960648148132 0.10546874999999943
0 0.5700834297839501 0.7988281249999996 0.12405960648148132 0.10546874999999943
0 0.6256148726851847 0.7975260416666663 0.12405960648148132 0.10546874999999943
0 0.6882354359567896 0.7975260416666663 0.12405960648148132 0.10546874999999943
0 0.7449483989197526 0.7988281249999996 0.12405960648148132 0.10546874999999943
0 0.8270640432098757 0.798828124999999 0.10869984567901289 0.10546874999999944
0 0.5127797067901235 0.6464843749999994 0.09215856481481494 0.10546874999999943
0 0.5570867091049386 0.6373697916666662 0.12405960648148205 0.10546874999999939
0 0.6126181520061732 0.6399739583333328 0.12405960648148205 0.10546874999999939
0 0.6764202353395065 0.6412760416666662 0.12405960648148205 0.10546874999999939
0 0.7307701581790127 0.6386718749999996 0.12405960648148205 0.10546874999999939
0 0.7922092013888893 0.6464843749999996 0.12405960648148205 0.10546874999999939
0 0.42121190200617314 0.8665364583333328 0.12405960648148205 0.10546874999999939
0 0.4779248649691361 0.8639322916666663 0.12405960648148205 0.10546874999999939
0 0.5287302276234571 0.8691406249999996 0.12405960648148205 0.10546874999999939
0 0.591350790895062 0.8704427083333328 0.12405960648148205 0.10546874999999939
0 0.653971354166667 0.8717447916666663 0.12405960648148205 0.10546874999999939
0 0.7095027970679015 0.8717447916666663 0.12405960648148205 0.10546874999999939
0 0.7703510802469141 0.8691406249999994 0.10869984567901264 0.10546874999999939
