0 0.17422086853358362 0.3697916666666666 0.06920271433041301 0.13802083333333337
0 0.22885459037338335 0.36979166666666663 0.06920271433041301 0.13802083333333337
1 0.27984606409052976 0.37109375 0.06920271433041301 0.13802083333333337
1 0.327195289685023 0.37369791666666674 0.06920271433041301 0.13802083333333337
0 0.38304309423237376 0.37109375 0.06920271433041301 0.13802083333333337
1 0.4352486506570713 0.36979166666666674 0.06920271433041301 0.13802083333333337
0 0.48381195895911544 0.36718750000000006 0.069202714330413 0.14322916666666674
1 0.536017515383813 0.36848958333333337 0.06920271433041301 0.13802083333333337
0 0.5870089891009594 0.36848958333333337 0.06920271433041301 0.13802083333333337
0 0.6683525305068835 0.36848958333333337 0.06920271433041301 0.13802083333333337
0 0.7157017561013767 0.3658854166666668 0.06920271433041301 0.13802083333333337
0 0.7691213952336252 0.3658854166666668 0.06920271433041301 0.13802083333333337
0 0.8213269516583229 0.36718750000000017 0.06920271433041301 0.13802083333333337
0 0.7715495606487275 0.48307291666666685 0.06920271433041301 0.13802083333333337
0 0.7205580869315811 0.4843750000000002 0.06920271433041301 0.13802083333333337
0 0.6647102823842301 0.48307291666666685 0.06920271433041301 0.13802083333333337
1 0.5870089891009594 0.4856770833333336 0.06920271433041301 0.13802083333333337
1 0.536017515383813 0.4882812500000002 0.06920271433041301 0.13802083333333337
1 0.48624012437421776 0.48697916666666685 0.06920271433041301 0.13802083333333337
0 0.4279641544117647 0.4856770833333336 0.06920271433041301 0.13802083333333337
1 0.38425717693992495 0.48307291666666685 0.06920271433041301 0.13802083333333337
0 0.3296234551001252 0.4843750000000002 0.06920271433041301 0.13802083333333337
1 0.2762038159678765 0.4843750000000002 0.06920271433041301 0.13802083333333337
1 0.22885459037338343 0.4856770833333336 0.06920271433041301 0.13802083333333337
1 0.1754349512411348 0.48697916666666685 0.06920271433041301 0.13802083333333337
0 0.23735316932624115 0.09375000000000025 0.06920271433041301 0.13802083333333337
1 0.3344797859303296 0.09895833333333356 0.06920271433041301 0.13802083333333337
0 0.38182901152482274 0.09505208333333356 0.06920271433041301 0.13802083333333337
1 0.4376768160721736 0.09505208333333356 0.06920271433041301 0.13802083333333337
1 0.48988237249687117 0.09505208333333356 0.06920271433041301 0.13802083333333337
0 0.5433020116291198 0.09375000000000025 0.06920271433041301 0.13802083333333337
1 0.5955075680538174 0.09375000000000025 0.06920271433041301 0.13802083333333337
0 0.6428567936483105 0.08984375000000025 0.06920271433041301 0.13802083333333337
1 0.8225410343658741 0.48697916666666685 0.06920271433041301 0.13802083333333337
0 0.8735325080830206 0.4882812500000002 0.06920271433041301 0.13802083333333337
0 0.8759606734981229 0.7552083333333336 0.06920271433041301 0.13802083333333337
1 0.8201128689507721 0.7552083333333336 0.06920271433041301 0.13802083333333337
0 0.7715495606487279 0.756510416666667 0.06920271433041301 0.13802083333333337
1 0.7205580869315814 0.7552083333333337 0.06920271433041301 0.13802083333333337
0 0.6744229440446393 0.7578125000000004 0.06920271433041301 0.13802083333333337
1 0.5906512372236131 0.7617187500000004 0.06920271433041301 0.13802083333333337
1 0.5360175153838134 0.7630208333333337 0.06920271433041301 0.13802083333333337
1 0.48624012437421804 0.7617187500000004 0.06920271433041301 0.13802083333333337
1 0.4364627333646227 0.764322916666667 0.06920271433041301 0.13802083333333337
1 0.38547125964747636 0.764322916666667 0.06920271433041301 0.13802083333333337
1 0.33205162051522774 0.7656250000000004 0.06920271433041301 0.13802083333333337
1 0.2847023949207346 0.764322916666667 0.06920271433041301 0.13802083333333337
1 0.23249683849603708 0.764322916666667 0.06920271433041301 0.13802083333333337
1 0.18029128207133957 0.768229166666667 0.06920271433041301 0.13802083333333337
1 0.17907719936378846 0.8789062500000004 0.06920271433041301 0.13802083333333337
1 0.23371092120358822 0.877604166666667 0.06920271433041301 0.13802083333333337
1 0.2822742295056324 0.8763020833333337 0.06920271433041301 0.13802083333333337
1 0.3344797859303299 0.877604166666667 0.06920271433041301 0.13802083333333337
1 0.38547125964747636 0.8750000000000004 0.06920271433041301 0.13802083333333337
1 0.4401049814872761 0.8763020833333337 0.06920271433041301 0.13802083333333337
1 0.48988237249687144 0.8763020833333337 0.06920271433041301 0.13802083333333337
1 0.5445160943366711 0.8750000000000004 0.06920271433041301 0.13802083333333337
1 0.588223071808511 0.877604166666667 0.06920271433041301 0.13802083333333337
1 0.6744229440446393 0.8802083333333337 0.06920271433041301 0.13802083333333337
1 0.7254144177617858 0.8763020833333337 0.06920271433041301 0.13802083333333337
1 0.7764058914789322 0.8750000000000004 0.06920271433041301 0.13802083333333337
1 0.8261832824885276 0.8710937500000004 0.06920271433041301 0.13802083333333337
1 0.8759606734981229 0.8763020833333337 0.06920271433041301 0.13802083333333337
