0 0.3906134771386429 0.150390625 0.2788301991150442 0.07421874999999996
0 0.3855895095870205 0.20898437499999997 0.2788301991150442 0.07421874999999996
0 0.40317339601769897 0.26757812499999994 0.2788301991150442 0.07421874999999996
0 0.3956374446902653 0.32356770833333326 0.2788301991150442 0.07421874999999996
0 0.4006614122418878 0.37955729166666674 0.2788301991150442 0.07421874999999996
0 0.3931254609144541 0.4368489583333334 0.2788301991150442 0.07421874999999996
0 0.3956374446902653 0.49414062500000006 0.2788301991150442 0.07421874999999996
0 0.3981494284660766 0.5527343750000001 0.2788301991150442 0.07421874999999996
0 0.3931254609144542 0.6087239583333335 0.2788301991150442 0.07421874999999996
0 0.39814942846607665 0.6634114583333335 0.2788301991150442 0.07421874999999996
0 0.41070934734513265 0.7233072916666669 0.2788301991150442 0.07421874999999996
0 0.39563744469026546 0.7819010416666669 0.2788301991150442 0.07421874999999996
0 0.6342759033923303 0.7858072916666669 0.2788301991150442 0.07421874999999996
0 0.6367878871681415 0.7246093750000001 0.2788301991150442 0.07421874999999996
0 0.6367878871681415 0.6673177083333335 0.2788301991150442 0.07421874999999996
0 0.6267399520648967 0.6061197916666669 0.2788301991150442 0.07421874999999996
0 0.6392998709439527 0.5514322916666669 0.2788301991150442 0.07421874999999996
0 0.6443238384955751 0.4928385416666668 0.2788301991150442 0.07421874999999996
0 0.6292519358407079 0.43945312500000017 0.2788301991150442 0.07421874999999996
0 0.6493478060471978 0.3821614583333335 0.2788301991150442 0.07421874999999996
0 0.6317639196165192 0.32226562500000017 0.2788301991150442 0.07421874999999996
0 0.6493478060471978 0.2649739583333335 0.2788301991150442 0.07421874999999996
0 0.6418118547197642 0.20638020833333345 0.2788301991150442 0.07421874999999996
0 0.6342759033923304 0.15039062500000017 0.2788301991150442 0.07421874999999996
