0 0.2561163651315789 0.9238281249999999 0.3494037828947368 0.06901041666666657
0 0.585166529605263 0.9329427083333331 0.3494037828947368 0.06901041666666657
0 0.5885587993421052 0.8652343749999999 0.3494037828947368 0.06901041666666657
1 0.5919510690789472 0.8105468749999999 0.3494037828947368 0.06901041666666657
0 0.5987356085526315 0.7519531249999999 0.3494037828947368 0.06901041666666657
1 0.5902549342105263 0.6998697916666663 0.35279605263157926 0.0690104166666665
0 0.5902549342105263 0.6373697916666663 0.35279605263157926 0.0690104166666665
0 0.5902549342105263 0.5774739583333328 0.35279605263157926 0.0690104166666665
1 0.5936472039473688 0.5117187499999996 0.3527960526315794 0.0807291666666666
0 0.5970394736842108 0.44791666666666624 0.3527960526315794 0.0807291666666666
1 0.5936472039473688 0.38541666666666624 0.3527960526315794 0.0807291666666666
0 0.5902549342105265 0.3216145833333329 0.3527960526315794 0.0807291666666666
1 0.5902549342105267 0.25390624999999956 0.35958059210526344 0.08072916666666657
0 0.6123046875000002 0.19921874999999953 0.40368009868421095 0.08072916666666656
0 0.6123046875000004 0.12499999999999957 0.3833264802631582 0.08072916666666656
0 0.6055201480263159 0.06315104166666624 0.383326480263158 0.08203124999999993
0 0.25442023026315824 0.3177083333333329 0.3527960526315794 0.0807291666666666
1 0.25102796052631615 0.26171874999999956 0.3527960526315794 0.0807291666666666
0 0.26459703947368457 0.1940104166666663 0.3527960526315794 0.0807291666666666
0 0.281558388157895 0.13020833333333295 0.38671875000000033 0.0807291666666666
0 0.2747738486842111 0.06770833333333297 0.3935032894736851 0.0807291666666666
1 0.2917351973684214 0.5169270833333328 0.3527960526315794 0.0807291666666666
1 0.2747738486842109 0.45442708333333287 0.3527960526315794 0.0807291666666666
1 0.26798930921052666 0.5781249999999996 0.3527960526315794 0.0807291666666666
1 0.278166118421053 0.6406249999999996 0.3527960526315794 0.0807291666666666
0 0.2713815789473688 0.6979166666666662 0.3527960526315794 0.0807291666666666
1 0.25442023026315824 0.7604166666666662 0.3527960526315794 0.0807291666666666
1 0.26798930921052666 0.8085937499999993 0.3527960526315794 0.0807291666666666
0 0.2713815789473688 0.8736979166666659 0.3527960526315794 0.0807291666666666
