0 0.1255374032674119 0.6108563421547085 0.10662080825451418 0.30677366962835584
0 0.21840068787618228 0.6180323344267168 0.10662080825451418 0.30677366962835584
0 0.29793637145313834 0.62162033056272 0.07480653482373156 0.3067736696283556
0 0.36242476354256226 0.6162383363587137 0.07480653482373156 0.3067736696283556
0 0.4226139294926912 0.6198263324947179 0.07480653482373156 0.3067736696283556
0 0.4853826311263972 0.6216203305627199 0.07480653482373156 0.3067736696283556
0 0.55073086844368 0.6234143286307221 0.07480653482373156 0.3067736696283556
0 0.6117798796216679 0.6270023247667261 0.07480653482373156 0.3067736696283556
0 0.6762682717110919 0.6216203305627199 0.07480653482373156 0.3067736696283556
0 0.736457437661221 0.6198263324947179 0.07480653482373156 0.3067736696283556
0 0.795786758383491 0.6270023247667261 0.07480653482373156 0.3067736696283556
0 0.8611349957007738 0.6557062938547596 0.0748065348237315 0.3534176193964096
0 0.9273430782459157 0.6234143286307221 0.07480653482373156 0.3067736696283556
0 0.9256233877901977 0.3309926435463829 0.07480653482373156 0.3067736696283556
0 0.8628546861564916 0.332786641614385 0.07480653482373156 0.3067736696283556
0 0.7992261392949268 0.32561064934237666 0.07480653482373156 0.3067736696283556
0 0.7373172828890798 0.32561064934237666 0.07480653482373156 0.3067736696283556
0 0.6779879621668098 0.32561064934237666 0.07480653482373156 0.3067736696283556
0 0.6109200343938089 0.3220226532063725 0.07480653482373156 0.3067736696283556
0 0.5472914875322441 0.3309926435463829 0.07480653482373156 0.3067736696283556
0 0.4853826311263972 0.3309926435463829 0.07480653482373156 0.3067736696283556
0 0.4234737747205502 0.32740464741037867 0.07480653482373156 0.3067736696283556
0 0.36414445399828016 0.3238166512743746 0.07480653482373156 0.3067736696283556
0 0.2919174548581254 0.3238166512743746 0.07480653482373156 0.3067736696283556
0 0.22012037833190015 0.3004946763903485 0.10662080825451416 0.35700561553241406
0 0.12467755803955288 0.3256106493423776 0.10662080825451418 0.30677366962835584
