0 0.12902060862865944 0.77734375 0.08694867103235746 0.1302083333333331
0 0.1879213212634823 0.7786458333333335 0.08694867103235746 0.1302083333333331
1 0.25032802869799686 0.7786458333333331 0.07993668143297383 0.13020833333333304
0 0.304320348613251 0.7786458333333326 0.07292469183359014 0.130208333333333
0 0.36041626540832034 0.779947916666666 0.07292469183359014 0.130208333333333
0 0.4165121822033897 0.7773437499999991 0.07292469183359014 0.130208333333333
1 0.4740104969183357 0.7825520833333326 0.07292469183359014 0.130208333333333
0 0.530106413713405 0.7786458333333326 0.07292469183359014 0.130208333333333
0 0.5918119221879813 0.776041666666666 0.07292469183359014 0.130208333333333
0 0.6479078389830505 0.7747395833333326 0.07292469183359014 0.130208333333333
0 0.6955893682588595 0.7747395833333326 0.07292469183359014 0.130208333333333
0 0.750282887134052 0.7734374999999991 0.07292469183359014 0.130208333333333
0 0.8133907935285051 0.772135416666666 0.07292469183359014 0.130208333333333
0 0.8680843124036975 0.7695312499999991 0.07292469183359014 0.130208333333333
0 0.8638771186440674 0.8841145833333326 0.07292469183359014 0.130208333333333
1 0.807781201848998 0.885416666666666 0.07292469183359014 0.130208333333333
1 0.7516852850539287 0.8828124999999991 0.07292469183359014 0.130208333333333
0 0.6913821744992292 0.885416666666666 0.07292469183359014 0.130208333333333
1 0.6394934514637901 0.8841145833333326 0.07292469183359014 0.130208333333333
1 0.5833975346687208 0.8841145833333326 0.07292469183359014 0.130208333333333
1 0.5315088116332817 0.885416666666666 0.07292469183359014 0.130208333333333
1 0.41931697804314294 0.9023437499999991 0.07292469183359014 0.130208333333333
1 0.35901386748844344 0.901041666666666 0.07292469183359014 0.130208333333333
1 0.30852754237288105 0.8945312499999991 0.07292469183359014 0.130208333333333
1 0.2524316255778117 0.8945312499999991 0.07292469183359014 0.130208333333333
1 0.19353091294298885 0.893229166666666 0.07292469183359014 0.130208333333333
1 0.14304458782742646 0.8958333333333326 0.07292469183359014 0.130208333333333
1 0.0855462731124804 0.8958333333333326 0.07292469183359014 0.130208333333333
1 0.19072611710323542 0.43359374999999906 0.07292469183359014 0.130208333333333
1 0.2496268297380582 0.4322916666666658 0.07292469183359014 0.130208333333333
1 0.3001131548536206 0.43359374999999906 0.07292469183359014 0.130208333333333
0 0.3590138674884434 0.4348958333333324 0.07292469183359014 0.130208333333333
0 0.41230498844375923 0.4322916666666658 0.07292469183359014 0.130208333333333
0 0.46980330315870533 0.4348958333333324 0.07292469183359014 0.130208333333333
0 0.5301064137134047 0.43359374999999906 0.07292469183359014 0.130208333333333
0 0.5862023305084741 0.4309895833333324 0.07292469183359014 0.130208333333333
0 0.645103043143297 0.4309895833333324 0.07292469183359014 0.130208333333333
0 0.6997965620184895 0.4270833333333324 0.07292469183359014 0.130208333333333
0 0.7530876829738054 0.42578124999999906 0.07292469183359014 0.130208333333333
0 0.8021716101694912 0.4270833333333324 0.07292469183359014 0.130208333333333
0 0.8652795165639441 0.4270833333333324 0.07292469183359014 0.130208333333333
0 0.8652795165639441 0.5364583333333325 0.07292469183359014 0.130208333333333
0 0.8091835997688749 0.5390624999999991 0.07292469183359014 0.130208333333333
0 0.7530876829738057 0.5468749999999991 0.07292469183359014 0.130208333333333
1 0.698394164098613 0.5390624999999991 0.07292469183359014 0.130208333333333
0 0.640895849383667 0.5403645833333325 0.07292469183359014 0.130208333333333
0 0.5862023305084744 0.5416666666666657 0.07292469183359014 0.130208333333333
0 0.524496822033898 0.5481770833333325 0.07292469183359014 0.130208333333333
0 0.466998507318952 0.5455729166666657 0.07292469183359014 0.130208333333333
0 0.4165121822033896 0.5429687499999991 0.07292469183359014 0.130208333333333
0 0.36322106124807374 0.5416666666666657 0.07292469183359014 0.130208333333333
0 0.30432034861325086 0.5442708333333325 0.07292469183359014 0.130208333333333
0 0.24541963597842809 0.5455729166666657 0.07292469183359014 0.130208333333333
1 0.1865189233436053 0.5442708333333325 0.07292469183359014 0.130208333333333
0 0.14444698574730327 0.5429687499999991 0.07292469183359014 0.130208333333333
0 0.08554627311248048 0.5416666666666657 0.07292469183359014 0.130208333333333
0 0.07853428351309681 0.21484374999999908 0.07292469183359014 0.130208333333333
0 0.13182540446841265 0.21484374999999908 0.07292469183359014 0.130208333333333
0 0.187921321263482 0.21614583333333243 0.07292469183359014 0.130208333333333
1 0.23840764637904435 0.21484374999999908 0.07292469183359014 0.130208333333333
0 0.3001131548536206 0.21874999999999908 0.07292469183359014 0.130208333333333
0 0.35901386748844344 0.22005208333333243 0.07292469183359014 0.130208333333333
0 0.4024882030046223 0.21614583333333243 0.07292469183359014 0.130208333333333
0 0.4627913135593218 0.21093749999999908 0.07292469183359014 0.130208333333333
0 0.5273016178736516 0.20963541666666574 0.07292469183359014 0.130208333333333
0 0.5847999325885976 0.20703124999999908 0.07292469183359014 0.130208333333333
0 0.6366886556240368 0.20833333333333243 0.07292469183359014 0.130208333333333
0 0.687174980739599 0.20963541666666574 0.07292469183359014 0.130208333333333
0 0.750282887134052 0.20833333333333243 0.07292469183359014 0.130208333333333
0 0.8021716101694912 0.20963541666666574 0.07292469183359014 0.130208333333333
0 0.8624747207241907 0.21223958333333243 0.07292469183359014 0.130208333333333
0 0.07713188559322018 0.1015624999999991 0.07292469183359014 0.130208333333333
0 0.1318254044684128 0.09895833333333243 0.07292469183359014 0.130208333333333
0 0.18932371918335883 0.09895833333333243 0.07292469183359014 0.130208333333333
0 0.24121244221879798 0.10026041666666576 0.07292469183359014 0.130208333333333
0 0.29450356317411386 0.1015624999999991 0.07292469183359014 0.130208333333333
0 0.34498988828967625 0.0976562499999991 0.07292469183359014 0.130208333333333
0 0.40248820300462235 0.10026041666666576 0.07292469183359014 0.130208333333333
0 0.4613889156394452 0.0976562499999991 0.07292469183359014 0.130208333333333
0 0.5216920261941448 0.1015624999999991 0.07292469183359014 0.130208333333333
0 0.5777879429892141 0.10286458333333243 0.07292469183359014 0.130208333333333
0 0.6366886556240369 0.09635416666666576 0.07292469183359014 0.130208333333333
0 0.6983941640986131 0.09114583333333243 0.07292469183359014 0.130208333333333
0 0.751685285053929 0.08854166666666576 0.07292469183359014 0.130208333333333
0 0.8063788039291216 0.08723958333333243 0.07292469183359014 0.130208333333333
0 0.862474720724191 0.08854166666666576 0.07292469183359014 0.130208333333333
