1 0.18890981633380885 0.1445312499999999 0.11990682952924389 0.11458333333333325
1 0.24886323109843075 0.13932291666666655 0.13348118758915828 0.11458333333333322
1 0.31899741440798857 0.14062499999999986 0.13348118758915828 0.11458333333333322
0 0.37895082917261047 0.14322916666666655 0.13348118758915828 0.11458333333333322
0 0.4389042439372325 0.1458333333333332 0.13348118758915828 0.11458333333333322
0 0.4999888552068474 0.13932291666666655 0.13348118758915828 0.11458333333333322
1 0.563335859486448 0.13932291666666655 0.13348118758915828 0.11458333333333322
0 0.6232892742510701 0.1458333333333332 0.13348118758915828 0.11458333333333322
0 0.683242689015692 0.14453124999999986 0.13348118758915828 0.11458333333333322
0 0.743196103780314 0.14453124999999986 0.13348118758915828 0.11458333333333322
0 0.803149518544936 0.14453124999999986 0.13348118758915828 0.11458333333333322
1 0.17986024429386596 0.2408854166666665 0.14705554564907264 0.11458333333333322
1 0.2511256241084166 0.2447916666666665 0.14705554564907264 0.11458333333333322
0 0.3167350213980029 0.2447916666666665 0.14705554564907264 0.11458333333333322
1 0.38121322218259635 0.24609374999999978 0.14705554564907264 0.11458333333333322
0 0.4366418509272469 0.24739583333333312 0.14705554564907264 0.11458333333333322
1 0.503382444721826 0.2552083333333331 0.14705554564907264 0.11458333333333322
0 0.5622046629814552 0.2513020833333331 0.14705554564907264 0.11458333333333322
0 0.6255516672610557 0.24999999999999975 0.14705554564907264 0.11458333333333322
0 0.6798490995007136 0.24999999999999975 0.14705554564907264 0.11458333333333322
0 0.7330153352353783 0.24999999999999978 0.14705554564907264 0.11458333333333322
0 0.8008871255349503 0.2513020833333331 0.14705554564907264 0.11458333333333322
0 0.19117220934379478 0.4401041666666664 0.14705554564907264 0.11458333333333322
1 0.2624375891583454 0.43749999999999983 0.14705554564907264 0.11458333333333322
0 0.32465339693295314 0.44140624999999983 0.14705554564907264 0.11458333333333322
0 0.3913939907275323 0.44140624999999983 0.14705554564907264 0.11458333333333322
0 0.4558721915121257 0.44270833333333315 0.14705554564907264 0.11458333333333322
0 0.5135632132667619 0.4440104166666664 0.14705554564907264 0.11458333333333322
1 0.5904845756062769 0.44270833333333315 0.14705554564907264 0.11458333333333322
0 0.6549627763908703 0.44661458333333315 0.14705554564907264 0.11458333333333322
1 0.7194409771754637 0.44270833333333315 0.14705554564907264 0.11458333333333322
1 0.7907063569900145 0.44531249999999983 0.14705554564907264 0.11458333333333322
0 0.8551845577746079 0.4401041666666664 0.14705554564907264 0.11458333333333322
0 0.19795938837375185 0.5390624999999996 0.13348118758915822 0.1145833333333332
1 0.264699982168331 0.5416666666666663 0.13348118758915822 0.1145833333333332
1 0.33030937945791733 0.5377604166666663 0.13348118758915822 0.1145833333333332
0 0.39931236626248223 0.5429687499999996 0.13348118758915822 0.1145833333333332
0 0.4603969775320971 0.5364583333333328 0.13348118758915822 0.1145833333333332
0 0.5339247503566334 0.5403645833333328 0.13348118758915822 0.1145833333333332
0 0.5927469686162625 0.5403645833333328 0.13348118758915822 0.1145833333333332
0 0.6560939728958631 0.5416666666666663 0.13348118758915822 0.1145833333333332
0 0.7183097806704708 0.5416666666666663 0.13348118758915822 0.1145833333333332
0 0.78505037446505 0.5403645833333329 0.13348118758915822 0.1145833333333332
0 0.8574469507845934 0.5416666666666663 0.13348118758915822 0.1145833333333332
0 0.19682819186875886 0.735677083333333 0.13348118758915822 0.1145833333333332
1 0.2624375891583452 0.739583333333333 0.13348118758915822 0.1145833333333332
1 0.3269157899429386 0.739583333333333 0.13348118758915822 0.1145833333333332
1 0.3959187767475035 0.739583333333333 0.13348118758915822 0.1145833333333332
1 0.46265937054208267 0.7369791666666663 0.13348118758915822 0.1145833333333332
1 0.5293999643366618 0.7408854166666663 0.13348118758915822 0.1145833333333332
1 0.5904845756062767 0.7447916666666663 0.13348118758915822 0.1145833333333332
1 0.6560939728958631 0.743489583333333 0.13348118758915822 0.1145833333333332
1 0.7217033701854494 0.743489583333333 0.13348118758915822 0.1145833333333332
1 0.78505037446505 0.7408854166666663 0.13348118758915822 0.1145833333333332
1 0.8393478067047075 0.743489583333333 0.13348118758915822 0.1145833333333332
0 0.20644336216119819 0.8346354166666664 0.13008759807417958 0.1145833333333332
0 0.2697903664407988 0.8346354166666664 0.13008759807417958 0.1145833333333332
0 0.33879335324536364 0.8372395833333331 0.13008759807417958 0.1145833333333332
0 0.3987467680099856 0.8372395833333331 0.13008759807417958 0.1145833333333332
0 0.47001214782453615 0.8411458333333331 0.13008759807417958 0.1145833333333332
1 0.5344903486091297 0.8346354166666664 0.13008759807417958 0.1145833333333332
1 0.6023621389087016 0.8359374999999997 0.13008759807417958 0.1145833333333332
1 0.6657091431883022 0.8320312499999997 0.13008759807417958 0.1145833333333332
1 0.7313185404778886 0.8346354166666664 0.13008759807417958 0.1145833333333332
1 0.7969279377674748 0.8346354166666664 0.13008759807417958 0.1145833333333332
1 0.8602749420470753 0.8372395833333331 0.13008759807417958 0.1145833333333332
