1 0.08198543595679013 0.08072916666666666 0.0636911651234568 0.09635416666666666
0 0.12805989583333333 0.08463541666666669 0.0636911651234568 0.09635416666666669
1 0.17277922453703703 0.0859375 0.0636911651234568 0.09635416666666669
1 0.21885368441358025 0.08333333333333336 0.0636911651234568 0.09635416666666669
1 0.26492814429012346 0.08593750000000001 0.0636911651234568 0.09635416666666669
1 0.31235773533950617 0.08463541666666669 0.0636911651234568 0.09635416666666669
1 0.3584321952160494 0.08333333333333336 0.0636911651234568 0.09635416666666669
1 0.40450665509259265 0.07812500000000001 0.0636911651234568 0.09635416666666669
1 0.4519362461419755 0.07942708333333334 0.0636911651234568 0.09635416666666669
1 0.4993658371913582 0.07812500000000001 0.0636911651234568 0.09635416666666669
1 0.5440851658950618 0.07942708333333334 0.0636911651234568 0.09635416666666669
1 0.5888044945987656 0.07942708333333334 0.0636911651234568 0.09635416666666669
1 0.6335238233024694 0.07812500000000001 0.0636911651234568 0.09635416666666669
1 0.6823085455246916 0.07682291666666669 0.0636911651234568 0.09635416666666669
1 0.7229624807098767 0.07291666666666669 0.0636911651234568 0.09635416666666669
1 0.774457465277778 0.07421875000000001 0.0636911651234568 0.09635416666666669
1 0.8205319251543212 0.07552083333333334 0.0636911651234568 0.09635416666666669
1 0.8666063850308645 0.07291666666666669 0.0636911651234568 0.09635416666666669
1 0.9181013695987655 0.06901041666666669 0.0636911651234568 0.09635416666666669
1 0.4112823109567904 0.27864583333333337 0.0636911651234568 0.09635416666666669
1 0.45600163966049423 0.27864583333333337 0.0636911651234568 0.09635416666666669
1 0.5020760995370374 0.27994791666666674 0.0636911651234568 0.09635416666666669
1 0.546795428240741 0.27864583333333337 0.0636911651234568 0.09635416666666669
0 0.5915147569444448 0.27473958333333337 0.0636911651234568 0.09635416666666669
1 0.643009741512346 0.27343750000000006 0.0636911651234568 0.09635416666666669
0 0.6850188078703706 0.27343750000000006 0.0636911651234568 0.09635416666666669
1 0.7324483989197534 0.27213541666666674 0.0636911651234568 0.09635416666666669
1 0.7798779899691363 0.27473958333333337 0.0636911651234568 0.09635416666666669
0 0.8245973186728399 0.27213541666666674 0.0636911651234568 0.09635416666666669
0 0.1944613233024694 0.7011718750000004 0.06369116512345674 0.11848958333333393
1 0.2418909143518521 0.7070312500000006 0.06369116512345672 0.1015625000000008
1 0.29067563657407436 0.7044270833333338 0.06369116512345672 0.10156250000000082
1 0.3394603587962966 0.7070312500000006 0.06369116512345672 0.10156250000000082
1 0.6741777584876546 0.7031250000000006 0.06369116512345672 0.10156250000000082
1 0.7243176118827164 0.7005208333333338 0.06369116512345672 0.10156250000000082
1 0.7744574652777781 0.7031250000000006 0.06369116512345672 0.10156250000000082
1 0.8205319251543213 0.7031250000000006 0.06369116512345672 0.10156250000000082
1 0.5630570023148153 0.901041666666667 0.06640142746913576 0.10156250000000082
1 0.6131968557098769 0.897135416666667 0.06640142746913576 0.10156250000000082
0 0.6606264467592596 0.897135416666667 0.06640142746913576 0.10156250000000082
0 0.7216073495370376 0.9023437499999999 0.07724247685185154 0.1015625000000008
1 0.7798779899691362 0.9036458333333336 0.06640142746913576 0.10156250000000082
0 0.8313729745370371 0.9075520833333338 0.060980902777777735 0.10156250000000082
1 0.4627772955246915 0.9075520833333338 0.060980902777777735 0.10156250000000082
0 0.4126374421296298 0.9062500000000006 0.060980902777777735 0.10156250000000082
0 0.35978732638888894 0.9075520833333338 0.060980902777777735 0.10156250000000082
1 0.28661024305555555 0.9101562500000006 0.060980902777777735 0.10156250000000082
1 0.2432460455246914 0.9075520833333338 0.060980902777777735 0.10156250000000082
1 0.19852671682098766 0.9088541666666673 0.060980902777777735 0.10156250000000082
