0 0.2351928915410385 0.39583333333333337 0.06152725432719151 0.1276041666666667
1 0.2828268948911223 0.39843750000000006 0.06152725432719151 0.1276041666666667
1 0.3264913979620324 0.3997395833333334 0.06152725432719151 0.1276041666666667
1 0.3632092755443886 0.4010416666666668 0.06152725432719151 0.1276041666666667
0 0.4108432788944723 0.40234375000000006 0.06152725432719151 0.1276041666666667
0 0.48427903405918477 0.4036458333333334 0.06152725432719151 0.1276041666666667
0 0.5279435371300949 0.40625000000000006 0.06152725432719151 0.1276041666666667
0 0.5696232900614183 0.4036458333333334 0.06152725432719151 0.1276041666666667
0 0.6093182928531546 0.4010416666666668 0.06152725432719151 0.1276041666666667
0 0.6599294214126187 0.4010416666666668 0.06152725432719151 0.1276041666666667
0 0.23916239182021218 0.5638020833333335 0.06152725432719151 0.1276041666666667
0 0.28580402010050254 0.5625000000000001 0.06152725432719151 0.1276041666666667
0 0.3254990228922389 0.5611979166666669 0.06152725432719151 0.1276041666666667
0 0.364201650614182 0.5611979166666669 0.06152725432719151 0.1276041666666667
0 0.4098509038246789 0.5625000000000001 0.06152725432719151 0.1276041666666667
0 0.48626378419877164 0.5611979166666669 0.06152725432719151 0.1276041666666667
0 0.5279435371300949 0.5638020833333335 0.06152725432719151 0.1276041666666667
0 0.5696232900614183 0.5638020833333335 0.06152725432719151 0.1276041666666667
0 0.6182496684812954 0.5638020833333335 0.06152725432719151 0.1276041666666667
0 0.6658836718313791 0.5625000000000001 0.06152725432719151 0.1276041666666667
0 0.09129850642099387 0.8125000000000003 0.06152725432719151 0.1276041666666667
0 0.1359553845616974 0.8098958333333335 0.06152725432719151 0.1276041666666667
0 0.1796198876326075 0.8138020833333335 0.06152725432719151 0.1276041666666667
0 0.2232843907035176 0.8164062500000003 0.06152725432719151 0.1276041666666667
0 0.2600022682858738 0.8177083333333335 0.06152725432719151 0.1276041666666667
0 0.2600022682858738 0.8177083333333335 0.06152725432719151 0.1276041666666667
0 0.30267439628699055 0.8229166666666669 0.06152725432719151 0.1276041666666667
0 0.3433617741485204 0.8229166666666669 0.06152725432719151 0.1276041666666667
0 0.3919881525683976 0.8177083333333335 0.06152725432719151 0.1276041666666667
0 0.431683155360134 0.8190104166666669 0.06152725432719151 0.1276041666666667
0 0.47534765843104415 0.8190104166666669 0.06152725432719151 0.1276041666666667
0 0.09229088149078728 0.15104166666666685 0.06152725432719151 0.1276041666666667
1 0.13297825935231714 0.15234375000000017 0.06152725432719151 0.1276041666666667
0 0.1766427624232273 0.14973958333333348 0.06152725432719151 0.1276041666666667
1 0.2222920156337242 0.14583333333333348 0.06152725432719151 0.1276041666666667
0 0.26297939349525407 0.14973958333333348 0.06152725432719151 0.1276041666666667
1 0.30366677135678394 0.14843750000000017 0.06152725432719151 0.1276041666666667
0 0.34633889935790063 0.15234375000000017 0.06152725432719151 0.1276041666666667
0 0.3860339021496371 0.14583333333333348 0.06152725432719151 0.1276041666666667
0 0.4306907802903406 0.14713541666666682 0.06152725432719151 0.1276041666666667
0 0.47237053322166384 0.14973958333333348 0.06152725432719151 0.1276041666666667
0 0.520996911641541 0.15104166666666682 0.06152725432719151 0.1276041666666667
0 0.5596995393634842 0.15104166666666682 0.06152725432719151 0.1276041666666667
0 0.6033640424343942 0.14713541666666682 0.06152725432719151 0.1276041666666667
0 0.694662548855388 0.11718750000000014 0.06152725432719151 0.1276041666666667
1 0.873786248953099 0.22981770833333356 0.11213838288665581 0.09244791666666669
0 0.880732874441653 0.338541666666667 0.10816888260748189 0.07812500000000003
0 0.880732874441653 0.389322916666667 0.10816888260748189 0.07812500000000003
1 0.8767633741624795 0.502604166666667 0.10816888260748189 0.07812500000000003
1 0.8787481243020663 0.5585937500000003 0.10816888260748189 0.07812500000000003
1 0.8718014988135124 0.611979166666667 0.10816888260748189 0.07812500000000003
0 0.877755749232273 0.6718750000000004 0.10816888260748189 0.07812500000000003
