1 0.6144009403372244 0.08333333333333331 0.2682595654993516 0.04687499999999996
1 0.6144009403372244 0.11588541666666666 0.2682595654993516 0.046874999999999965
1 0.6144009403372244 0.14973958333333331 0.2682595654993516 0.046874999999999965
1 0.6100741731517509 0.18229166666666663 0.2682595654993516 0.046874999999999965
1 0.6057474059662776 0.21484375 0.2682595654993516 0.046874999999999965
1 0.6057474059662776 0.24609375 0.2682595654993516 0.046874999999999965
0 0.6057474059662776 0.27604166666666663 0.2682595654993516 0.046874999999999965
1 0.6100741731517509 0.30989583333333326 0.2682595654993516 0.046874999999999965
1 0.6100741731517509 0.34244791666666663 0.2682595654993516 0.046874999999999965
0 0.6014206387808042 0.37760416666666674 0.2682595654993516 0.046874999999999965
1 0.6273812418936447 0.4075520833333334 0.2682595654993516 0.046874999999999965
1 0.6100741731517509 0.4427083333333334 0.2682595654993516 0.046874999999999965
0 0.6144009403372244 0.47526041666666674 0.2682595654993516 0.046874999999999965
1 0.6187277075226978 0.5065104166666667 0.2682595654993516 0.046874999999999965
1 0.6100741731517509 0.5377604166666667 0.2682595654993516 0.046874999999999965
0 0.6187277075226977 0.5690104166666667 0.2682595654993516 0.046874999999999965
1 0.6144009403372244 0.6054687500000001 0.2682595654993516 0.046874999999999965
0 0.6100741731517509 0.6302083333333335 0.2682595654993516 0.046874999999999965
0 0.6057474059662775 0.6692708333333335 0.2682595654993516 0.046874999999999965
0 0.6144009403372244 0.6979166666666669 0.2682595654993516 0.046874999999999965
1 0.6100741731517509 0.7317708333333335 0.2682595654993516 0.046874999999999965
0 0.6187277075226978 0.7591145833333335 0.2682595654993516 0.046874999999999965
0 0.6273812418936445 0.7929687500000001 0.2682595654993516 0.046874999999999965
0 0.6187277075226978 0.8281250000000001 0.2682595654993516 0.046874999999999965
1 0.3764287451361868 0.08203125000000012 0.2682595654993516 0.046874999999999965
1 0.37210197795071337 0.11458333333333347 0.2682595654993516 0.046874999999999965
1 0.36777521076523995 0.1484375000000001 0.2682595654993516 0.046874999999999965
1 0.36777521076523995 0.1822916666666668 0.2682595654993516 0.046874999999999965
1 0.37210197795071337 0.2161458333333335 0.2682595654993516 0.046874999999999965
1 0.36777521076523995 0.24609375000000014 0.2682595654993516 0.046874999999999965
1 0.38075551232166016 0.28125000000000017 0.2682595654993516 0.046874999999999965
0 0.36777521076523995 0.31250000000000017 0.2682595654993516 0.046874999999999965
1 0.38508227950713364 0.3424479166666668 0.2682595654993516 0.046874999999999965
1 0.38075551232166016 0.37500000000000017 0.2682595654993516 0.046874999999999965
1 0.38075551232166016 0.41015625000000017 0.2682595654993516 0.046874999999999965
0 0.3764287451361868 0.4401041666666668 0.2682595654993516 0.046874999999999965
1 0.38508227950713364 0.4713541666666668 0.2682595654993516 0.046874999999999965
1 0.389409046692607 0.5052083333333335 0.2682595654993516 0.046874999999999965
0 0.3807555123216602 0.5377604166666669 0.2682595654993516 0.046874999999999965
1 0.39373581387808043 0.5729166666666669 0.2682595654993516 0.046874999999999965
1 0.38508227950713364 0.6028645833333335 0.2682595654993516 0.046874999999999965
1 0.3764287451361868 0.6354166666666669 0.2682595654993516 0.046874999999999965
1 0.3764287451361868 0.6692708333333335 0.2682595654993516 0.046874999999999965
0 0.38508227950713364 0.6992187500000001 0.2682595654993516 0.046874999999999965
1 0.3980625810635538 0.7369791666666669 0.2682595654993516 0.046874999999999965
0 0.3764287451361868 0.7617187500000001 0.2682595654993516 0.046874999999999965
0 0.38508227950713364 0.7968750000000001 0.2682595654993516 0.046874999999999965
0 0.3980625810635538 0.8255208333333335 0.2682595654993516 0.046874999999999965
0 0.38508227950713364 0.8567708333333335 0.2682595654993516 0.046874999999999965
0 0.3807555123216602 0.8873697916666669 0.26825956549935165 0.04296874999999998
