0 0.0790308978351127 0.7838541666666665 0.08826827550415185 0.1953125
0 0.24017181939501783 0.7838541666666665 0.08826827550415185 0.1953125
1 0.14779804270462635 0.7799479166666665 0.08826827550415185 0.1953125
0 0.31612359134045076 0.7851562499999999 0.08826827550415185 0.1953125
0 0.40336549154804274 0.7877604166666665 0.08826827550415185 0.1953125
0 0.47726451290035593 0.7851562499999999 0.08826827550415185 0.1953125
0 0.6117196767497035 0.7825520833333331 0.08826827550415185 0.1953125
0 0.6733021945432978 0.7812499999999999 0.08826827550415185 0.1953125
0 0.7430957147093713 0.7786458333333331 0.08826827550415185 0.1953125
0 0.8128892348754448 0.7747395833333331 0.08826827550415185 0.1953125
0 0.8806300044483986 0.7773437499999999 0.08826827550415185 0.1953125
0 0.8970520091933571 0.4010416666666665 0.08826827550415185 0.1953125
0 0.8282848643238434 0.39843749999999983 0.08826827550415185 0.1953125
0 0.7615704700474497 0.3919270833333332 0.08826827550415185 0.1953125
0 0.6917769498813762 0.3971354166666665 0.08826827550415185 0.1953125
0 0.6240361803084226 0.40234374999999983 0.08826827550415185 0.1953125
0 0.5562954107354687 0.4036458333333332 0.08826827550415185 0.1953125
0 0.48342276467971546 0.4010416666666665 0.08826827550415185 0.1953125
0 0.4167083704033216 0.4010416666666665 0.08826827550415185 0.1953125
0 0.3551258526097273 0.39843749999999983 0.08826827550415185 0.1953125
0 0.28533233244365375 0.4010416666666665 0.08826827550415185 0.1953125
0 0.2155388122775802 0.40234374999999983 0.08826827550415185 0.1953125
0 0.21451243698102032 0.21874999999999986 0.08826827550415185 0.1953125
0 0.3510203514234877 0.22005208333333315 0.08826827550415185 0.1953125
0 0.28738508303677357 0.21223958333333315 0.08826827550415185 0.1953125
0 0.41568199510676174 0.22395833333333318 0.08826827550415185 0.1953125
0 0.4916337670521947 0.2174479166666665 0.08826827550415185 0.1953125
0 0.6209570544187428 0.2135416666666665 0.08826827550415185 0.1953125
0 0.5552690354389088 0.21874999999999986 0.08826827550415185 0.1953125
0 0.6907505745848161 0.2135416666666665 0.08826827550415185 0.1953125
0 0.7625968453440095 0.21223958333333315 0.08826827550415185 0.1953125
0 0.8221266125444839 0.2174479166666665 0.08826827550415185 0.1953125
0 0.8991047597864769 0.22005208333333315 0.08826827550415185 0.1953125
