0 0.18384556800314464 0.5423177083333333 0.11428238011006289 0.09244791666666664
1 0.2621041543828616 0.5449218750000001 0.09689158313679243 0.09244791666666669
1 0.32918294270833326 0.5449218750000001 0.09689158313679243 0.09244791666666669
0 0.3987461306014151 0.5436197916666667 0.09689158313679243 0.09244791666666669
1 0.47327811762971705 0.5449218750000001 0.09689158313679243 0.09244791666666669
0 0.5403569059551887 0.5436197916666667 0.09689158313679243 0.09244791666666669
0 0.6074356942806605 0.5449218750000001 0.09689158313679243 0.09244791666666669
0 0.6124044934158805 0.708984375 0.09689158313679243 0.09244791666666669
0 0.5478101046580189 0.708984375 0.09689158313679243 0.09244791666666669
0 0.4757625171973271 0.708984375 0.09689158313679243 0.09244791666666669
1 0.40619932930424535 0.7128906249999999 0.09689158313679243 0.09244791666666669
1 0.3391205409787736 0.7128906249999999 0.09689158313679243 0.09244791666666669
1 0.26458855395047176 0.7115885416666664 0.09689158313679243 0.09244791666666669
1 0.19254096648977992 0.7128906249999999 0.09689158313679243 0.09244791666666669
1 0.18384556800314467 0.7845052083333333 0.10434478183962259 0.09244791666666669
1 0.2658307537342767 0.787109375 0.09440718356918232 0.09244791666666673
1 0.33539394162735847 0.783203125 0.09440718356918232 0.09244791666666673
0 0.40744152908805037 0.7845052083333333 0.09440718356918232 0.09244791666666673
1 0.474520317413522 0.7845052083333333 0.09440718356918232 0.09244791666666673
0 0.5465679048742139 0.7845052083333333 0.09440718356918232 0.09244791666666673
1 0.6111622936320755 0.7819010416666665 0.09440718356918232 0.09244791666666673
1 0.19005656692216988 0.9498697916666662 0.10682918140723259 0.08203125000000004
1 0.26334635416666663 0.9518229166666664 0.08943838443396214 0.07552083333333327
1 0.33290954205974843 0.9479166666666664 0.08943838443396214 0.07552083333333327
1 0.39998833038522014 0.9479166666666664 0.08943838443396214 0.07552083333333327
0 0.472035917845912 0.9492187499999997 0.08943838443396214 0.07552083333333327
1 0.6136466931996856 0.9492187499999997 0.08943838443396214 0.07552083333333327
1 0.5415991057389937 0.9518229166666664 0.08943838443396214 0.07552083333333327
0 0.6906630797955974 0.9427083333333336 0.08943838443396214 0.08593750000000026
1 0.752773068985849 0.9466145833333331 0.08943838443396214 0.07552083333333327
1 0.8223362568789309 0.9479166666666664 0.08943838443396214 0.07552083333333327
1 0.8894150452044026 0.9466145833333331 0.08943838443396214 0.07552083333333327
1 0.8794774469339623 0.8118489583333328 0.12918877751572333 0.08984375000000039
0 0.8720242482311322 0.7649739583333328 0.12918877751572333 0.08984375000000039
0 0.8769930473663523 0.7220052083333328 0.12918877751572333 0.08984375000000039
1 0.8819618465015724 0.6816406249999996 0.12918877751572333 0.08984375000000039
0 0.8670554490959121 0.6373697916666663 0.12918877751572333 0.08984375000000039
0 0.8745086477987424 0.5944010416666663 0.12918877751572333 0.08984375000000039
0 0.8794774469339625 0.5514322916666663 0.12918877751572333 0.08984375000000039
0 0.8769930473663524 0.4381510416666663 0.12918877751572333 0.08984375000000039
0 0.8869306456367927 0.3990885416666663 0.12918877751572333 0.08984375000000039
0 0.8844462460691812 0.34700520833333287 0.1291887775157232 0.07161458333333386
0 0.8782352471501558 0.30013020833333276 0.17142357016509416 0.07161458333333377
0 0.8782352471501562 0.260416666666666 0.14161077535377345 0.06770833333333372
0 0.8807196467177664 0.217447916666666 0.14161077535377345 0.06770833333333372
0 0.8832040462853763 0.162760416666666 0.14161077535377345 0.06770833333333372
0 0.8832040462853763 0.096354166666666 0.14161077535377345 0.06770833333333372
0 0.4993643130896217 0.14518229166666596 0.09937598270440226 0.08984375000000037
1 0.5788650992531437 0.14518229166666596 0.09937598270440226 0.08984375000000037
0 0.3726599351415084 0.14127604166666596 0.11428238011006259 0.08984375000000037
0 0.23104915978773483 0.13997395833333262 0.1242199783805028 0.08984375000000037
