0 0.13112639724849529 0.6339459603985064 0.05073086844368015 0.3120964728115722
1 0.16981943250214965 0.6371969653236268 0.05073086844368015 0.3120964728115722
1 0.20593293207222702 0.6371969653236268 0.05073086844368015 0.3120964728115722
0 0.24462596732588135 0.6371969653236268 0.050730868443680154 0.33160250236229566
1 0.2815993121238177 0.6339459603985063 0.050730868443680154 0.33160250236229566
1 0.3177128116938951 0.6371969653236268 0.050730868443680154 0.33160250236229566
1 0.3572656921754085 0.643698975173868 0.050730868443680154 0.33160250236229566
1 0.39423903697334484 0.643698975173868 0.050730868443680154 0.33160250236229566
1 0.4312123817712812 0.643698975173868 0.050730868443680154 0.33160250236229566
1 0.4673258813413586 0.6339459603985064 0.050730868443680154 0.33160250236229566
1 0.5077386070507309 0.6371969653236269 0.050730868443680154 0.33160250236229566
1 0.5464316423043852 0.6371969653236269 0.050730868443680154 0.33160250236229566
1 0.5825451418744626 0.6339459603985064 0.050730868443680154 0.33160250236229566
1 0.6186586414445401 0.6241929456231448 0.050730868443680154 0.33160250236229566
1 0.6564918314703354 0.6209419406980241 0.050730868443680154 0.33160250236229566
0 0.6960447119518487 0.6306949554733859 0.050730868443680154 0.33160250236229566
1 0.7330180567497849 0.6241929456231448 0.050730868443680154 0.33160250236229566
1 0.7699914015477212 0.6176909357729038 0.050730868443680154 0.33160250236229566
1 0.8069647463456576 0.6209419406980244 0.050730868443680154 0.33160250236229566
0 0.8456577815993118 0.6274439505482654 0.050730868443680154 0.33160250236229566
1 0.1294067067927769 0.3608615466883806 0.050730868443680154 0.33160250236229566
1 0.16809974204643127 0.3543595368381396 0.050730868443680154 0.33160250236229566
1 0.20421324161650867 0.3576105417632601 0.050730868443680154 0.33160250236229566
1 0.24376612209802195 0.3543595368381396 0.050730868443680154 0.33160250236229566
1 0.2824591573516763 0.3641125516135012 0.050730868443680154 0.33160250236229566
1 0.3211521926053307 0.3608615466883806 0.050730868443680154 0.33160250236229566
1 0.3555460017196901 0.3576105417632601 0.050730868443680154 0.33160250236229566
1 0.3933791917454854 0.3543595368381396 0.050730868443680154 0.33160250236229566
1 0.4312123817712808 0.35435953683813964 0.050730868443680154 0.33160250236229566
0 0.47162510748065317 0.3576105417632601 0.050730868443680154 0.33160250236229566
1 0.5060189165950125 0.36411255161350126 0.050730868443680154 0.33160250236229566
1 0.5421324161650899 0.344606522062778 0.050730868443680154 0.33160250236229566
1 0.5808254514187442 0.34460652206277786 0.050730868443680154 0.33160250236229566
1 0.6195184866723985 0.3316025023622957 0.050730868443680154 0.33160250236229566
1 0.6556319862424758 0.32510049251205464 0.050730868443680154 0.33160250236229566
1 0.6951848667239893 0.32835149743717523 0.050730868443680154 0.33160250236229566
1 0.7321582115219256 0.3348535072874163 0.050730868443680154 0.33160250236229566
1 0.7708512467755798 0.3413555171376574 0.050730868443680154 0.33160250236229566
1 0.8095442820292343 0.3348535072874163 0.050730868443680154 0.33160250236229566
0 0.8430782459157349 0.32835149743717523 0.050730868443680154 0.33160250236229566
