0 0.24555296501080334 0.8694942903752039 0.046065580081517975 0.18923327895595435
0 0.21432206326062164 0.8727569331158239 0.046065580081517975 0.18923327895595435
1 0.28146850202351226 0.8629690048939641 0.046065580081517975 0.18923327895595435
0 0.3462726231551392 0.867862969004894 0.046065580081517975 0.18923327895595435
1 0.314260948861203 0.8629690048939641 0.046065580081517975 0.18923327895595435
0 0.3790650699928299 0.8646003262642741 0.046065580081517975 0.18923327895595435
0 0.41419983446178427 0.8662316476345842 0.046065580081517975 0.18923327895595435
0 0.4813462732246748 0.8597063621533444 0.046065580081517975 0.18923327895595435
1 0.45011537147449315 0.8629690048939643 0.046065580081517975 0.18923327895595435
1 0.5196041278686474 0.8678629690048942 0.046065580081517975 0.18923327895595435
0 0.5477119394438109 0.8597063621533444 0.046065580081517975 0.18923327895595435
1 0.5824224640316356 0.8643156544737229 0.046065580081517975 0.18923327895595435
1 0.6146805285477646 0.8643156544737229 0.046065580081517975 0.18923327895595435
1 0.6494852823677987 0.8607683399425519 0.046065580081517975 0.18923327895595435
1 0.6834411397531975 0.8589946826769662 0.046065580081517975 0.18923327895595435
1 0.7165481007039617 0.8589946826769662 0.046065580081517975 0.18923327895595435
1 0.7496550616547256 0.8589946826769662 0.046065580081517975 0.18923327895595435
1 0.7827620226054895 0.8607683399425519 0.046065580081517975 0.18923327895595435
1 0.8201134657294286 0.8643156544737228 0.046065580081517975 0.18923327895595435
1 0.8489759445070176 0.8625419972081373 0.046065580081517975 0.18923327895595435
1 0.8778384232846068 0.8714102835360652 0.046065580081517975 0.18923327895595435
0 0.06884012107747589 0.5486046611994936 0.08171923033618683 0.11119235927018974
0 0.06544453533893599 0.4120330517494058 0.08171923033618683 0.11119235927018974
1 0.06799122464284092 0.2861033858928314 0.08171923033618683 0.11119235927018974
0 0.21909479000786639 0.24442244015157077 0.08171923033618683 0.09168212934874859
0 0.2182458935732314 0.31004775897823633 0.08171923033618683 0.09168212934874859
0 0.2216414793117713 0.38986233592958625 0.08171923033618683 0.09168212934874859
0 0.2182458935732314 0.44484571116273847 0.08171923033618683 0.09168212934874859
0 0.2904020905172042 0.45016668295949513 0.08171923033618683 0.09168212934874859
0 0.295495469125014 0.3845413641328296 0.08171923033618683 0.09168212934874859
0 0.2904020905172042 0.30650044444706515 0.08171923033618683 0.09168212934874859
0 0.2878554012132993 0.2373278110892285 0.08171923033618683 0.09168212934874859
0 0.2912509869518392 0.5282076026452596 0.08171923033618683 0.09168212934874859
0 0.45593689527102427 0.5299812599108451 0.08171923033618683 0.09168212934874859
0 0.45084351666321437 0.4572613120218373 0.08171923033618683 0.09168212934874859
1 0.45254130953248434 0.3845413641328295 0.08171923033618683 0.09168212934874859
0 0.45084351666321437 0.3135950735094073 0.08171923033618683 0.09168212934874859
0 0.5221508171725522 0.3100477589782362 0.08171923033618683 0.09168212934874859
0 0.4516924130978493 0.2408751256203996 0.08171923033618683 0.09168212934874859
0 0.5272441957803621 0.23910146835481402 0.08171923033618683 0.09168212934874859
0 0.5246975064764572 0.37922039233607285 0.08171923033618683 0.09168212934874859
0 0.5255464029110921 0.4483930256939096 0.08171923033618683 0.09168212934874859
0 0.5263952993457272 0.5246602881140884 0.08171923033618683 0.09168212934874859
1 0.6825922433185625 0.526433945379674 0.08171923033618683 0.09168212934874859
1 0.6825922433185625 0.45371399749066627 0.08171923033618683 0.09168212934874859
1 0.6800455540146576 0.3898623359295862 0.08171923033618683 0.09168212934874859
0 0.6817433468839278 0.3171423880405785 0.08171923033618683 0.09168212934874859
0 0.6842900361878325 0.24974341194832736 0.08171923033618683 0.09168212934874859
1 0.7513528545239956 0.24264878288598513 0.08171923033618683 0.09168212934874859
1 0.7513528545239956 0.3153687307749929 0.08171923033618683 0.09168212934874859
0 0.7530506473932655 0.38276770686724404 0.08171923033618683 0.09168212934874859
1 0.7530506473932655 0.45194034022508073 0.08171923033618683 0.09168212934874859
1 0.7513528545239956 0.5193393163173318 0.08171923033618683 0.09168212934874859
1 0.9474479309246746 0.4395247393659818 0.08171923033618683 0.09168212934874859
1 0.9491457237939446 0.3721257632737307 0.08171923033618683 0.09168212934874859
1 0.9491457237939446 0.2976321581191374 0.08171923033618683 0.09168212934874859
1 0.9474479309246746 0.5069237154582329 0.08171923033618683 0.09168212934874859
1 0.9432034487514998 0.5778700060816551 0.08171923033618683 0.09168212934874859
1 0.9432034487514998 0.6434953249083205 0.08171923033618683 0.09168212934874859
1 0.9449012416207697 0.7179889300629136 0.08171923033618683 0.09168212934874859
