1 0.12567162796442677 0.1588541666666666 0.134279273715415 0.10937499999999983
1 0.12222856966403152 0.2161458333333333 0.134279273715415 0.10937499999999983
1 0.12222856966403152 0.26692708333333326 0.134279273715415 0.10937499999999983
0 0.12222856966403152 0.3203125 0.134279273715415 0.10937499999999983
1 0.12567162796442677 0.375 0.134279273715415 0.10937499999999983
1 0.1273931571146244 0.42578125 0.134279273715415 0.10937499999999983
0 0.12222856966403152 0.48046875 0.134279273715415 0.10937499999999983
0 0.11017786561264804 0.5703125 0.13427927371541484 0.062499999999999785
0 0.11534245306324092 0.6158854166666667 0.13427927371541484 0.062499999999999785
0 0.1067348073122528 0.6653645833333335 0.13427927371541484 0.062499999999999785
0 0.12395009881422908 0.8111979166666667 0.13427927371541484 0.062499999999999785
0 0.12739315711462432 0.86328125 0.13427927371541484 0.062499999999999785
0 0.12567162796442669 0.91796875 0.13427927371541484 0.062499999999999785
1 0.5612185029644261 0.11523437500000004 0.148051506916996 0.10807291666666635
1 0.6214720232213431 0.11914062500000004 0.148051506916996 0.10807291666666635
1 0.6903331892292482 0.11914062500000004 0.148051506916996 0.10807291666666635
1 0.7695235301383392 0.1204427083333334 0.148051506916996 0.10807291666666635
0 0.8332201086956513 0.11783854166666671 0.148051506916996 0.10807291666666635
0 0.6515987833498013 0.6152343749999999 0.12911468626482145 0.061197916666666054
0 0.6533203124999989 0.6516927083333331 0.12911468626482145 0.061197916666666054
0 0.6515987833498008 0.6979166666666665 0.12911468626482142 0.05468749999999942
0 0.6679533102766787 0.7597656250000001 0.1549376235177857 0.06119791666666607
0 0.6464341958992077 0.8151041666666665 0.1291146862648214 0.06510416666666621
0 0.6447126667490101 0.8723958333333333 0.1291146862648214 0.06510416666666621
1 0.7325106534090885 0.9446614583333344 0.08091187005928827 0.0846354166666654
1 0.7910426445158079 0.943359375000001 0.08091187005928827 0.0846354166666654
1 0.8444100481719343 0.9459635416666679 0.08091187005928827 0.0846354166666654
