1 0.1558093626621544 0.2552083333333331 0.15214326001128006 0.09635416666666635
1 0.21996615905245304 0.2760416666666663 0.15397631133671683 0.09375
1 0.28595600676818933 0.3059895833333331 0.15214326001128006 0.09635416666666635
1 0.34827975183305115 0.3320312499999997 0.15214326001128006 0.09635416666666635
1 0.40693739424703873 0.3632812499999997 0.15214326001128006 0.09635416666666635
1 0.4642202481669486 0.368489583333333 0.15672588832487294 0.09635416666666635
1 0.5402918781725888 0.391927083333333 0.15672588832487294 0.09635416666666635
1 0.5980329949238579 0.41601562499999944 0.15672588832487294 0.10026041666666634
1 0.6667724196277498 0.4492187499999997 0.15672588832487294 0.10937500000000017
0 0.7190143824027077 0.4648437499999998 0.15672588832487286 0.13802083333333356
1 0.7762972363226168 0.49674479166666624 0.1393119007332196 0.12109374999999996
1 0.12648054145516052 0.5677083333333327 0.13014664410603413 0.1458333333333338
1 0.191553863508178 0.580729166666666 0.13014664410603413 0.1458333333333338
1 0.2566271855611955 0.6106770833333326 0.13014664410603413 0.1458333333333338
1 0.31620135363790164 0.6328124999999994 0.13014664410603413 0.1458333333333338
1 0.3840242526790748 0.6458333333333326 0.13014664410603413 0.1458333333333338
0 0.4536802030456851 0.6692708333333326 0.13014664410603413 0.1458333333333338
1 0.517836999435984 0.6835937499999994 0.13014664410603413 0.1458333333333338
1 0.6379018612521149 0.7343749999999993 0.13014664410603413 0.1458333333333338
0 0.7011421319796952 0.7460937499999993 0.13014664410603413 0.1458333333333338
0 0.7772137619853354 0.768229166666666 0.13014664410603413 0.1458333333333338
