1 0.47174202127659576 0.9615885416666664 0.6143617021276595 0.04557291666666662
1 0.43334441489361697 0.9316406249999999 0.5814494680851062 0.04557291666666661
1 0.4552859042553192 0.8977864583333331 0.6033909574468086 0.04557291666666662
1 0.4388297872340426 0.8326822916666664 0.6363031914893617 0.04557291666666662
1 0.46077127659574474 0.7701822916666664 0.5924202127659576 0.04557291666666662
1 0.43882978723404265 0.7089843749999999 0.5924202127659576 0.04557291666666662
0 0.4717420212765958 0.6829427083333331 0.5924202127659576 0.04557291666666662
1 0.48271276595744683 0.6477864583333331 0.5924202127659576 0.04557291666666662
1 0.4936835106382979 0.6152343749999998 0.5924202127659576 0.04557291666666662
1 0.504654255319149 0.5852864583333331 0.5924202127659576 0.04557291666666662
0 0.515625 0.5540364583333331 0.5924202127659576 0.04557291666666662
1 0.4936835106382979 0.5240885416666664 0.5924202127659576 0.04557291666666662
0 0.504654255319149 0.4902343749999998 0.5924202127659576 0.04557291666666662
1 0.4936835106382979 0.4576822916666665 0.5924202127659576 0.04557291666666662
0 0.4717420212765958 0.42513020833333315 0.5924202127659576 0.04557291666666662
1 0.48271276595744683 0.3951822916666665 0.5924202127659576 0.04557291666666662
0 0.4717420212765958 0.36263020833333315 0.5924202127659576 0.04557291666666662
1 0.4717420212765958 0.3326822916666665 0.5924202127659576 0.04557291666666662
1 0.504654255319149 0.30273437499999983 0.5924202127659576 0.04557291666666662
1 0.515625 0.27148437499999983 0.5924202127659576 0.04557291666666662
0 0.515625 0.24023437499999983 0.5924202127659576 0.04557291666666662
1 0.5265957446808511 0.21028645833333318 0.5924202127659576 0.04557291666666662
0 0.5375664893617023 0.1803385416666665 0.5924202127659576 0.04557291666666662
0 0.5265957446808511 0.14778645833333315 0.5924202127659576 0.04557291666666662
0 0.515625 0.11523437499999982 0.5924202127659576 0.04557291666666662
0 0.504654255319149 0.08138020833333315 0.5924202127659576 0.04557291666666662
0 0.515625 0.05013020833333314 0.5924202127659576 0.04557291666666662
