1 0.1401547721410146 0.18203685361951302 0.049871023215821125 0.1844857799013899
1 0.17798796216680995 0.18448577990138987 0.04987102321582111 0.17958792733763615
0 0.2175408426483232 0.18856732370451795 0.049871023215821104 0.1812205448588874
1 0.25365434221840055 0.18856732370451798 0.049871023215821104 0.1812205448588874
1 0.29148753224419593 0.18693470618326674 0.049871023215821104 0.1812205448588874
1 0.32846087704213234 0.19346517626827173 0.049871023215821104 0.1812205448588874
1 0.3680137575236456 0.1918325587470205 0.049871023215821104 0.1812205448588874
1 0.40842648323301795 0.1918325587470205 0.049871023215821104 0.1812205448588874
1 0.44539982803095435 0.19836302883202542 0.049871023215821104 0.1812205448588874
1 0.48065348237317274 0.19999564635327666 0.049871023215821104 0.1812205448588874
0 0.521066208082545 0.1950977937895229 0.049871023215821104 0.1812205448588874
1 0.5571797076526225 0.19673041131077415 0.049871023215821104 0.1812205448588874
1 0.5924333619948409 0.1983630288320254 0.049871023215821104 0.1812205448588874
1 0.6302665520206362 0.19673041131077415 0.049871023215821104 0.1812205448588874
1 0.6689595872742906 0.19673041131077415 0.049871023215821104 0.1812205448588874
0 0.707652622527945 0.1918325587470204 0.049871023215821104 0.1812205448588874
0 0.7454858125537404 0.19346517626827164 0.049871023215821104 0.1812205448588874
1 0.7815993121238176 0.19346517626827164 0.049871023215821104 0.1812205448588874
0 0.7858985382631127 0.3567269283933955 0.049871023215821104 0.1812205448588874
1 0.7446259673258813 0.3567269283933955 0.049871023215821104 0.1812205448588874
0 0.7085124677558038 0.35999216343589796 0.049871023215821104 0.1812205448588874
0 0.6689595872742906 0.3567269283933955 0.049871023215821104 0.1812205448588874
0 0.6319862424763543 0.3616247809571492 0.049871023215821104 0.1812205448588874
0 0.5932932072227 0.353461693350893 0.049871023215821104 0.1812205448588874
1 0.5571797076526225 0.35999216343589796 0.049871023215821104 0.1812205448588874
0 0.5184866723989682 0.3550943108721442 0.049871023215821104 0.1812205448588874
1 0.4823731728288908 0.353461693350893 0.049871023215821104 0.1812205448588874
0 0.4436801375752364 0.3501964583083905 0.049871023215821104 0.1812205448588874
1 0.4024075666380051 0.34693122326588804 0.049871023215821104 0.1812205448588874
1 0.3637145313843508 0.34529860574463683 0.049871023215821104 0.1812205448588874
1 0.3319002579535683 0.3436659882233856 0.049871023215821104 0.1812205448588874
1 0.290627687016337 0.3420333707021343 0.049871023215821104 0.1812205448588874
1 0.25107480653482367 0.3436659882233856 0.049871023215821104 0.1812205448588874
1 0.2123817712811693 0.3420333707021343 0.049871023215821104 0.1812205448588874
1 0.1779879621668099 0.3436659882233856 0.049871023215821104 0.1812205448588874
1 0.14359415305245052 0.34040075318088314 0.049871023215821104 0.1812205448588874
1 0.13671539122957863 0.6865156676861457 0.049871023215821104 0.1812205448588874
1 0.17626827171109194 0.6783525800798893 0.049871023215821104 0.1812205448588874
1 0.2166809974204643 0.6799851976011407 0.049871023215821104 0.1812205448588874
1 0.25107480653482367 0.6799851976011407 0.049871023215821104 0.1812205448588874
1 0.2889079965606191 0.6799851976011407 0.049871023215821104 0.1812205448588874
0 0.3267411865864144 0.6783525800798893 0.049871023215821104 0.1812205448588874
1 0.36285468615649186 0.676719962558638 0.049871023215821104 0.1812205448588874
0 0.4024075666380052 0.6783525800798893 0.049871023215821104 0.1812205448588874
0 0.44282029234737746 0.6799851976011405 0.049871023215821104 0.1812205448588874
0 0.4815133276010318 0.6865156676861455 0.049871023215821104 0.1812205448588874
1 0.5193465176268272 0.6914135202498991 0.049871023215821104 0.1812205448588874
0 0.5528804815133276 0.6979439903349041 0.049871023215821104 0.1812205448588874
0 0.590713671539123 0.6979439903349041 0.049871023215821104 0.1812205448588874
0 0.6285468615649183 0.7012092253774065 0.049871023215821104 0.1812205448588874
0 0.6715391229578676 0.704474460419909 0.049871023215821104 0.1812205448588874
0 0.7437661220980222 0.7012092253774065 0.049871023215821104 0.1812205448588874
1 0.7824591573516767 0.7061070779411602 0.049871023215821104 0.1812205448588874
0 0.8168529664660362 0.7077396954624114 0.049871023215821104 0.1812205448588874
1 0.8546861564918313 0.2048934989170302 0.04643164230438525 0.18122054485888733
