1 0.5056756652227723 0.6380208333333333 0.09892610354785482 0.08854166666666657
1 0.5066361128300331 0.6979166666666667 0.09892610354785482 0.08854166666666657
1 0.5075965604372938 0.7526041666666667 0.09892610354785482 0.08854166666666657
1 0.5873137118399341 0.7539062500000001 0.09892610354785482 0.08854166666666657
1 0.5873137118399341 0.6966145833333335 0.09892610354785482 0.08854166666666657
1 0.5901950546617162 0.6445312500000001 0.09892610354785482 0.08854166666666657
1 0.5892346070544554 0.5911458333333335 0.09892610354785482 0.08854166666666657
1 0.5882741594471947 0.5377604166666667 0.09892610354785482 0.08854166666666657
1 0.5882741594471947 0.4817708333333334 0.09892610354785482 0.08854166666666657
1 0.5901950546617162 0.4283854166666668 0.09892610354785482 0.08854166666666657
1 0.5901950546617162 0.3763020833333334 0.09892610354785482 0.08854166666666657
1 0.5892346070544554 0.3216145833333334 0.09892610354785482 0.08854166666666657
1 0.5901950546617162 0.2643229166666668 0.09892610354785482 0.08854166666666657
1 0.5911555022689768 0.21223958333333343 0.09892610354785482 0.08854166666666657
1 0.5911555022689768 0.15755208333333345 0.09892610354785482 0.08854166666666657
1 0.5143196936881188 0.1562500000000001 0.09892610354785482 0.08854166666666657
0 0.5075965604372938 0.20442708333333345 0.09892610354785482 0.08854166666666657
1 0.5143196936881188 0.2656250000000001 0.09892610354785482 0.08854166666666657
1 0.5114383508663367 0.3177083333333335 0.09892610354785482 0.08854166666666657
1 0.5095174556518152 0.37500000000000006 0.09892610354785482 0.08854166666666657
1 0.5085570080445545 0.4244791666666668 0.09892610354785482 0.08854166666666657
1 0.5104779032590759 0.4778645833333334 0.09892610354785482 0.08854166666666657
1 0.5085570080445545 0.5403645833333335 0.09892610354785482 0.08854166666666657
1 0.5104779032590759 0.5885416666666667 0.09892610354785482 0.08854166666666657
1 0.3289533054867988 0.48828125000000006 0.09892610354785482 0.08854166666666657
1 0.247315258869637 0.48828125000000006 0.09892610354785482 0.08854166666666657
1 0.2463548112623763 0.5468750000000001 0.09892610354785482 0.08854166666666657
1 0.32895330548679863 0.5507812500000001 0.09892610354785482 0.08854166666666657
1 0.32415106745049505 0.5989583333333335 0.09892610354785482 0.08854166666666657
1 0.24731525886963696 0.5989583333333335 0.09892610354785482 0.08854166666666657
1 0.24539436365511552 0.6510416666666669 0.09892610354785482 0.08854166666666657
1 0.24347346844059406 0.8190104166666667 0.09892610354785482 0.08854166666666657
1 0.24731525886963696 0.7122395833333335 0.09892610354785482 0.08854166666666657
1 0.3193488294141914 0.7109375000000001 0.09892610354785482 0.08854166666666657
1 0.32415106745049505 0.6536458333333335 0.09892610354785482 0.08854166666666657
1 0.32223017223597367 0.7630208333333335 0.09892610354785482 0.08854166666666657
1 0.32415106745049505 0.8229166666666667 0.09892610354785482 0.08854166666666657
1 0.7755614428630363 0.7539062500000001 0.09892610354785482 0.08854166666666657
1 0.7746009952557756 0.7018229166666667 0.09892610354785482 0.08854166666666657
1 0.7755614428630363 0.6432291666666669 0.09892610354785482 0.08854166666666657
1 0.7707592048267327 0.5937500000000001 0.09892610354785482 0.08854166666666657
1 0.7755614428630362 0.5377604166666667 0.09892610354785482 0.08854166666666657
1 0.7736405476485148 0.4830729166666668 0.09892610354785482 0.08854166666666657
1 0.7746009952557753 0.42578125000000006 0.09892610354785482 0.08854166666666657
1 0.7688383096122111 0.3776041666666668 0.09892610354785482 0.08854166666666657
1 0.7755614428630361 0.32031250000000006 0.09892610354785482 0.08854166666666657
1 0.7726801000412539 0.2682291666666668 0.09892610354785482 0.08854166666666657
1 0.7755614428630361 0.21223958333333343 0.09892610354785482 0.08854166666666657
1 0.7736405476485146 0.15494791666666677 0.09892610354785482 0.08854166666666657
