1 0.4578640919811319 0.09244791666666669 0.29687991352201276 0.05208333333333325
1 0.43277564858490547 0.12890625 0.29687991352201276 0.05208333333333325
1 0.43695705581760996 0.16796875 0.29687991352201276 0.05208333333333325
1 0.4244128341194967 0.203125 0.29687991352201276 0.05208333333333325
1 0.42023142688679227 0.24479166666666663 0.29687991352201276 0.05208333333333325
1 0.4118686124213835 0.28125 0.29687991352201276 0.05208333333333325
1 0.4035057979559747 0.31770833333333326 0.29687991352201276 0.05208333333333325
1 0.395142983490566 0.35546874999999994 0.29687991352201276 0.05208333333333325
1 0.37841735455974834 0.3932291666666666 0.29687991352201276 0.05208333333333325
1 0.37005454009433947 0.4283854166666666 0.29687991352201276 0.05208333333333325
1 0.36587313286163514 0.4674479166666666 0.29687991352201276 0.05208333333333325
1 0.35751031839622627 0.5078124999999999 0.29687991352201276 0.05208333333333325
1 0.342875393081761 0.54296875 0.3177869496855347 0.05208333333333325
1 0.32196835691823894 0.578125 0.3177869496855347 0.05208333333333325
1 0.32196835691823894 0.6197916666666666 0.3177869496855347 0.05208333333333325
1 0.3094241352201258 0.65625 0.3177869496855347 0.05208333333333325
1 0.3094241352201258 0.69140625 0.3177869496855347 0.05208333333333325
1 0.3094241352201258 0.7265625 0.3177869496855347 0.05208333333333325
1 0.29269850628930816 0.7669270833333335 0.3177869496855347 0.05208333333333325
1 0.2843356918238993 0.80078125 0.3177869496855347 0.05208333333333325
1 0.2759728773584905 0.83984375 0.3177869496855347 0.05208333333333325
1 0.2676100628930817 0.8776041666666667 0.3177869496855347 0.05208333333333325
1 0.2634286556603773 0.9140625 0.3177869496855347 0.05208333333333325
1 0.531038718553459 0.921875 0.3177869496855347 0.05208333333333325
1 0.5394015330188678 0.8828125 0.3177869496855347 0.05208333333333325
1 0.5477643474842766 0.8450520833333335 0.3177869496855347 0.05208333333333325
1 0.5561271619496854 0.8111979166666667 0.3177869496855347 0.05208333333333325
1 0.5435829402515722 0.7721354166666667 0.3177869496855347 0.05208333333333325
1 0.5686713836477986 0.73828125 0.3177869496855347 0.05208333333333325
1 0.572852790880503 0.703125 0.3177869496855347 0.05208333333333325
1 0.5770341981132074 0.6653645833333335 0.3177869496855347 0.05208333333333325
1 0.5895784198113206 0.6302083333333335 0.3177869496855347 0.05208333333333325
1 0.5937598270440251 0.5859375000000001 0.3177869496855347 0.05208333333333325
1 0.614666863207547 0.5507812500000001 0.3177869496855347 0.05208333333333325
1 0.614666863207547 0.5091145833333335 0.3177869496855347 0.05208333333333325
1 0.6272110849056602 0.4739583333333334 0.3177869496855347 0.05208333333333325
1 0.6397553066037734 0.4348958333333334 0.3177869496855347 0.05208333333333325
1 0.6564809355345912 0.39843750000000017 0.3177869496855347 0.05208333333333325
1 0.6481181210691824 0.3619791666666668 0.3177869496855347 0.05208333333333325
1 0.66484375 0.3216145833333334 0.3177869496855347 0.05208333333333325
1 0.6606623427672954 0.2877604166666668 0.3177869496855347 0.05208333333333325
1 0.6941136006289307 0.2486979166666668 0.3177869496855347 0.05208333333333325
1 0.6815693789308175 0.21223958333333343 0.3177869496855347 0.05208333333333325
1 0.6982950078616351 0.1718750000000001 0.3177869496855347 0.05208333333333325
1 0.6982950078616351 0.1367187500000001 0.3177869496855347 0.05208333333333325
1 0.7150206367924526 0.10026041666666678 0.3177869496855347 0.05208333333333325
