1 0.11364352318548387 0.26822916666666674 0.0971312163978495 0.14322916666666669
1 0.15929519489247312 0.25000000000000006 0.09713121639784948 0.15104166666666674
1 0.20883211525537626 0.22265625000000025 0.08936071908602163 0.15104166666666685
1 0.25351247479838707 0.20703125000000025 0.08936071908602163 0.15104166666666685
1 0.3059633316532255 0.18815104166666688 0.08936071908602158 0.14453125000000017
1 0.35501459593413925 0.17903645833333356 0.06702053931451629 0.14453125000000017
1 0.401637579805107 0.16341145833333356 0.06702053931451629 0.14453125000000017
1 0.4482605636760748 0.15559895833333356 0.06702053931451629 0.14453125000000017
1 0.49974010836693494 0.15169270833333356 0.06702053931451629 0.14453125000000017
1 0.5492770287298381 0.14778645833333356 0.06702053931451629 0.14453125000000017
1 0.5997852612567198 0.14778645833333356 0.06702053931451629 0.14453125000000017
1 0.647379557291666 0.14908854166666693 0.06702053931451629 0.14453125000000017
1 0.6930312289986553 0.14908854166666693 0.06702053931451629 0.14453125000000017
1 0.737711588541666 0.15039062500000025 0.06702053931451629 0.14453125000000017
1 0.7843345724126338 0.15429687500000025 0.06702053931451629 0.14453125000000017
1 0.828043619791666 0.15690104166666693 0.06702053931451629 0.14453125000000017
1 0.4191211987567198 0.4589843750000002 0.06702053931451629 0.14453125000000017
1 0.4628302461357521 0.4563802083333336 0.06702053931451629 0.14453125000000017
1 0.5113958543346768 0.4563802083333336 0.06702053931451629 0.14453125000000017
1 0.5560762138776876 0.4563802083333336 0.06702053931451629 0.14453125000000017
1 0.6017278855846768 0.4511718750000002 0.06702053931451629 0.14453125000000017
1 0.647379557291666 0.4511718750000002 0.06702053931451629 0.14453125000000017
1 0.7173140330981177 0.4485677083333336 0.06702053931451629 0.14453125000000017
1 0.7639370169690856 0.44986979166666685 0.06702053931451629 0.14453125000000017
1 0.8134739373319886 0.4492187500000003 0.06702053931451628 0.1458333333333335
1 0.8562116725470423 0.4453125000000003 0.06702053931451628 0.1458333333333335
1 0.9018633442540316 0.4453125000000003 0.06702053931451628 0.1458333333333335
1 0.9028346564180102 0.5742187500000003 0.06702053931451628 0.1458333333333335
1 0.8562116725470424 0.5742187500000003 0.06702053931451628 0.1458333333333335
1 0.8115313130040317 0.5820312500000003 0.06702053931451628 0.1458333333333335
0 0.7658796412970424 0.5833333333333336 0.06702053931451628 0.1458333333333335
1 0.7216849378360208 0.5846354166666665 0.062163978494623795 0.14583333333333345
1 0.6478652133736553 0.5794270833333333 0.062163978494623795 0.14583333333333345
0 0.6002709173387091 0.5794270833333333 0.062163978494623795 0.14583333333333345
1 0.5585044942876338 0.5794270833333333 0.062163978494623795 0.14583333333333345
1 0.5099388860887091 0.5846354166666665 0.062163978494623795 0.14583333333333345
0 0.4681724630376338 0.5846354166666665 0.062163978494623795 0.14583333333333345
1 0.8766092279905903 0.8684895833333336 0.06702053931451626 0.1536458333333334
0 0.801818191364246 0.8697916666666669 0.06702053931451626 0.1536458333333334
0 0.7279984669018806 0.8723958333333336 0.06702053931451626 0.1536458333333334
0 0.6454369329637085 0.8697916666666669 0.06702053931451626 0.1536458333333334
1 0.5735598328292999 0.8736979166666669 0.06702053931451626 0.1536458333333334
