1 0.14918314703353397 0.3730858782497802 0.05073086844368014 0.1565691209290193
1 0.18873602751504726 0.3787280087337088 0.05073086844368014 0.1565691209290193
1 0.23000859845227853 0.38013854135469105 0.05073086844368014 0.1565691209290193
1 0.2669819432502149 0.3843701392176375 0.05073086844368014 0.1565691209290193
1 0.3039552880481513 0.39001226970156616 0.05073086844368014 0.1565691209290193
1 0.34608770421324153 0.3815490739756732 0.05073086844368014 0.1565691209290193
1 0.38392089423903686 0.38719120445960187 0.05073086844368014 0.1565691209290193
1 0.42347377472055014 0.3843701392176375 0.05073086844368014 0.1565691209290193
1 0.4570077386070507 0.3843701392176375 0.05073086844368014 0.1565691209290193
0 0.49742046431642367 0.38648593814911075 0.050730868443680174 0.1805481754857158
1 0.5395528804815133 0.38719120445960187 0.05073086844368014 0.1565691209290193
1 0.5773860705073086 0.38719120445960187 0.05073086844368014 0.1565691209290193
1 0.616079105760963 0.39424386756451263 0.05073086844368014 0.1565691209290193
1 0.6547721410146172 0.3956544001854948 0.05073086844368014 0.1565691209290193
1 0.6951848667239896 0.39001226970156616 0.05073086844368014 0.1565691209290193
1 0.7338779019776441 0.3956544001854948 0.05073086844368014 0.1565691209290193
1 0.7734307824591576 0.39142280232254834 0.05073086844368014 0.1565691209290193
0 0.8129836629406709 0.38719120445960187 0.05073086844368014 0.1565691209290193
0 0.8490971625107483 0.38719120445960187 0.05073086844368014 0.1565691209290193
1 0.8886500429922617 0.39283333494353045 0.05073086844368014 0.1565691209290193
1 0.14574376612209833 0.6819925222448724 0.05073086844368014 0.1565691209290193
1 0.18615649183147062 0.6819925222448724 0.05073086844368014 0.1565691209290193
1 0.223129836629407 0.6848135874868367 0.05073086844368014 0.1565691209290193
1 0.2635425623387793 0.6862241201078189 0.05073086844368014 0.1565691209290193
1 0.3048151332760106 0.6862241201078189 0.05073086844368014 0.1565691209290193
1 0.34350816852966487 0.6890451853497832 0.05073086844368014 0.1565691209290193
1 0.3813413585554602 0.6890451853497832 0.05073086844368014 0.1565691209290193
0 0.4174548581255377 0.6876346527288011 0.05073086844368014 0.1565691209290193
1 0.4595872742906279 0.6904557179707653 0.05073086844368014 0.1565691209290193
1 0.4957007738607052 0.6932767832127297 0.05073086844368014 0.1565691209290193
1 0.5361134995700776 0.6932767832127297 0.05073086844368014 0.1565691209290193
0 0.5722269991401551 0.6946873158337118 0.05073086844368014 0.1565691209290193
0 0.6100601891659504 0.696097848454694 0.05073086844368014 0.1565691209290193
0 0.6521926053310406 0.6932767832127297 0.05073086844368014 0.1565691209290193
0 0.694325021496131 0.6904557179707653 0.05073086844368014 0.1565691209290193
0 0.7295786758383493 0.6904557179707653 0.05073086844368014 0.1565691209290193
1 0.7691315563198627 0.6989189136966583 0.05073086844368014 0.1565691209290193
1 0.8069647463456582 0.6946873158337118 0.05073086844368014 0.1565691209290193
1 0.8490971625107485 0.7017399789386226 0.05073086844368014 0.1565691209290193
0 0.8473774720550306 0.841382708415856 0.05073086844368014 0.1565691209290193
0 0.8043852106620812 0.841382708415856 0.05073086844368014 0.1565691209290193
0 0.7674118658641449 0.8385616431738917 0.05073086844368014 0.1565691209290193
1 0.7295786758383496 0.8300984474479988 0.05073086844368014 0.1565691209290193
1 0.6917454858125542 0.8300984474479988 0.05073086844368014 0.1565691209290193
1 0.6530524505588998 0.8315089800689809 0.05073086844368014 0.1565691209290193
1 0.6117798796216687 0.832919512689963 0.05073086844368014 0.1565691209290193
1 0.5748065348237321 0.832919512689963 0.05073086844368014 0.1565691209290193
1 0.533533963886501 0.8244563169640701 0.05073086844368014 0.1565691209290193
0 0.4957007738607055 0.8244563169640701 0.05073086844368014 0.1565691209290193
1 0.45700773860705124 0.8272773822060344 0.05073086844368014 0.1565691209290193
1 0.4200343938091149 0.841382708415856 0.05073086844368014 0.1565691209290193
1 0.37618228718830665 0.8357405779319274 0.05073086844368014 0.1565691209290193
1 0.3417884780739472 0.8258668495850523 0.05073086844368014 0.1565691209290193
1 0.30223559759243385 0.8244563169640701 0.05073086844368014 0.1565691209290193
1 0.26268271711092056 0.8216352517221058 0.05073086844368014 0.1565691209290193
1 0.2214101461736893 0.8174036538591594 0.05073086844368014 0.1565691209290193
1 0.1844368013757529 0.814582588617195 0.05073086844368014 0.1565691209290193
1 0.14660361134995756 0.8131720559962129 0.05073086844368014 0.1565691209290193
1 0.5098882201203789 0.22004308887321627 0.060189165950129 0.14387432734017988
0 0.5477214101461743 0.21016936052634122 0.060189165950129 0.14387432734017988
1 0.5838349097162517 0.20311669742143043 0.060189165950129 0.14387432734017988
1 0.6233877901977651 0.19606403431651961 0.060189165950129 0.14387432734017988
1 0.6595012897678426 0.19324296907455532 0.060189165950129 0.14387432734017988
1 0.7033533963886508 0.18901137121160885 0.060189165950129 0.14387432734017988
1 0.7463456577816001 0.18336924072768027 0.060189165950129 0.14387432734017988
1 0.7858985382631134 0.17349551238080516 0.060189165950129 0.14387432734017988
1 0.82287188306105 0.1692639145178587 0.060189165950129 0.14387432734017988
0 0.8641444539982811 0.16362178403393007 0.060189165950129 0.14387432734017988
1 0.9028374892519355 0.16080071879196572 0.060189165950129 0.14387432734017988
