1 0.41544961734693886 0.13606770833333337 0.15213647959183682 0.07942708333333336
0 0.416749929138322 0.193359375 0.15213647959183682 0.07942708333333336
0 0.416749929138322 0.25585937500000006 0.15213647959183682 0.07942708333333336
0 0.4206508645124717 0.30794270833333337 0.15213647959183682 0.07942708333333336
0 0.4180502409297053 0.3665364583333334 0.15213647959183682 0.07942708333333336
0 0.4206508645124717 0.41861979166666674 0.15213647959183682 0.07942708333333336
0 0.41609977324263037 0.474609375 0.16123866213151947 0.07942708333333331
0 0.41414930555555557 0.5345052083333335 0.15213647959183682 0.07942708333333336
0 0.41414930555555557 0.5891927083333335 0.15213647959183682 0.07942708333333336
1 0.4180502409297053 0.6451822916666667 0.15213647959183682 0.07942708333333336
0 0.4271524234693878 0.7024739583333335 0.15213647959183682 0.07942708333333336
0 0.4245517998866214 0.7623697916666669 0.15213647959183682 0.07942708333333336
1 0.4206508645124717 0.8209635416666669 0.15213647959183682 0.07942708333333336
1 0.4271524234693878 0.8769531250000001 0.15213647959183682 0.07942708333333336
0 0.4245517998866214 0.9355468750000001 0.15213647959183682 0.07942708333333336
1 0.12287946428571433 0.9212239583333336 0.15213647959183682 0.07942708333333336
0 0.12548008786848078 0.8574218750000001 0.15213647959183682 0.07942708333333336
0 0.1137772817460318 0.8053385416666669 0.15213647959183682 0.07942708333333336
1 0.11507759353741502 0.7493489583333335 0.15213647959183682 0.07942708333333336
1 0.11247696995464856 0.6946614583333335 0.15213647959183682 0.07942708333333336
0 0.10467509920634925 0.6360677083333335 0.15213647959183682 0.07942708333333336
0 0.10337478741496603 0.576171875 0.15213647959183682 0.07942708333333336
0 0.10207447562358281 0.5240885416666667 0.15213647959183682 0.07942708333333336
0 0.10077416383219959 0.462890625 0.15213647959183682 0.07942708333333336
1 0.09817354024943314 0.41341145833333326 0.15213647959183682 0.07942708333333336
0 0.09817354024943314 0.35351562499999994 0.15213647959183682 0.07942708333333336
0 0.09947385204081638 0.29361979166666663 0.15213647959183682 0.07942708333333336
1 0.09687322845804992 0.1295572916666666 0.15213647959183682 0.07942708333333336
1 0.5467811082766442 0.13606770833333326 0.15213647959183682 0.07942708333333336
1 0.5532826672335602 0.2610677083333333 0.15213647959183682 0.07942708333333336
0 0.5506820436507938 0.19726562499999992 0.15213647959183682 0.07942708333333336
0 0.5519823554421771 0.32356770833333326 0.15213647959183682 0.07942708333333336
1 0.5532826672335602 0.38736979166666674 0.15213647959183682 0.07942708333333336
0 0.5519823554421771 0.44986979166666674 0.15213647959183682 0.07942708333333336
0 0.5519823554421771 0.513671875 0.15213647959183682 0.07942708333333336
1 0.5558832908163268 0.576171875 0.15213647959183682 0.07942708333333336
0 0.5506820436507938 0.6373697916666665 0.15213647959183682 0.07942708333333336
1 0.5519823554421771 0.6998697916666665 0.15213647959183682 0.07942708333333336
1 0.5454807964852609 0.7636718749999999 0.15213647959183682 0.07942708333333336
1 0.5454807964852609 0.8261718749999999 0.15213647959183682 0.07942708333333336
1 0.5584839143990931 0.9446614583333331 0.15213647959183682 0.07942708333333336
0 0.5545829790249434 0.886067708333333 0.15213647959183682 0.07942708333333336
0 0.8809612386621316 0.889973958333333 0.15213647959183682 0.07942708333333336
0 0.8705587443310655 0.8222656249999984 0.17034084467120159 0.07942708333333325
0 0.8816113945578229 0.763671874999997 0.15343679138321975 0.07942708333333318
1 0.8803110827664398 0.701171874999997 0.15343679138321975 0.07942708333333318
0 0.882911706349206 0.6412760416666637 0.15343679138321975 0.07942708333333318
1 0.8816113945578229 0.5787760416666636 0.15343679138321975 0.07942708333333318
0 0.8803110827664398 0.5201822916666636 0.15343679138321975 0.07942708333333318
0 0.8712089002267572 0.451171874999997 0.15343679138321975 0.07942708333333318
0 0.8816113945578229 0.3860677083333303 0.15343679138321975 0.07942708333333318
1 0.8725092120181404 0.32486979166666363 0.15343679138321975 0.07942708333333318
0 0.8751098356009066 0.2649739583333303 0.15343679138321975 0.07942708333333318
0 0.8712089002267572 0.20377604166666366 0.15343679138321975 0.07942708333333318
0 0.8686082766439907 0.13346354166666363 0.15343679138321975 0.07942708333333318
