1 0.6596687705254505 0.2102864583333333 0.20628078817733944 0.1783854166666666
0 0.6489249794745467 0.29101562500000006 0.20628078817733939 0.15494791666666635
0 0.6338836720032837 0.36458333333333337 0.20628078817733947 0.15364583333333315
1 0.6059498152709355 0.5520833333333334 0.20628078817733947 0.15364583333333315
0 0.5973547824302127 0.6360677083333331 0.20628078817733933 0.17838541666666696
1 0.5995035406403931 0.7096354166666663 0.20628078817733925 0.16927083333333376
1 0.5823134749589477 0.778645833333333 0.20628078817733914 0.15104166666666713
0 0.2170245792282416 0.6848958333333331 0.2535534688013129 0.1510416666666671
0 0.22561961206896405 0.6119791666666665 0.2535534688013129 0.1510416666666671
0 0.23851216133004782 0.5377604166666665 0.2535534688013129 0.1510416666666671
0 0.2471071941707703 0.4674479166666666 0.2535534688013129 0.1510416666666671
0 0.2621485016420346 0.39453124999999983 0.2535534688013129 0.1510416666666671
0 0.2728922926929378 0.3138020833333332 0.2535534688013129 0.1510416666666671
