0 0.4795866935483869 0.04166666666666665 0.5057459677419353 0.049479166666666644
0 0.4795866935483869 0.08268229166666664 0.5057459677419351 0.05338541666666666
1 0.50283938172043 0.12304687499999996 0.5057459677419351 0.05338541666666666
0 0.5086525537634407 0.16601562499999997 0.5057459677419351 0.05338541666666666
0 0.4795866935483869 0.2076822916666666 0.5057459677419351 0.05338541666666666
0 0.4795866935483869 0.2493489583333333 0.5057459677419351 0.05338541666666666
1 0.49702620967741923 0.28841145833333326 0.5057459677419351 0.05338541666666666
1 0.49702620967741923 0.28841145833333326 0.5057459677419351 0.05338541666666666
0 0.4853998655913977 0.37955729166666663 0.5057459677419351 0.05338541666666666
1 0.4912130376344085 0.41992187499999994 0.5057459677419351 0.05338541666666666
1 0.4853998655913977 0.5071614583333333 0.5057459677419351 0.05338541666666666
0 0.4912130376344085 0.548828125 0.5057459677419351 0.05338541666666666
0 0.4912130376344085 0.5930989583333333 0.5057459677419351 0.05338541666666666
0 0.4853998655913977 0.6308593749999999 0.5057459677419351 0.05338541666666666
1 0.5173723118279567 0.7246093749999994 0.4650537634408596 0.053385416666666644
0 0.49702620967741923 0.764973958333333 0.5057459677419351 0.05338541666666666
1 0.50283938172043 0.807942708333333 0.5057459677419351 0.05338541666666666
1 0.5144657258064514 0.8496093749999996 0.5057459677419351 0.05338541666666666
1 0.5377184139784944 0.893880208333333 0.5057459677419351 0.05338541666666666
1 0.5202788978494621 0.9342447916666663 0.5057459677419351 0.05338541666666666
