1 0.11446506857014388 0.17252604166666669 0.07745756519784171 0.09505208333333336
1 0.166103445368705 0.17252604166666669 0.07745756519784171 0.09505208333333336
1 0.22118438062050355 0.173828125 0.07745756519784171 0.09505208333333336
1 0.271101478192446 0.1725260416666667 0.07745756519784171 0.09505208333333336
0 0.3296249718974819 0.17382812500000008 0.07745756519784171 0.09505208333333336
1 0.2082747864208631 0.389973958333333 0.1480300134892087 0.06119791666666662
1 0.21257798448740986 0.4667968749999997 0.13942361735611514 0.06119791666666662
0 0.2108567052607912 0.4264322916666663 0.13598105890287787 0.06119791666666662
1 0.21085670526079114 0.5045572916666663 0.13942361735611514 0.06119791666666662
1 0.2091354260341724 0.5475260416666662 0.13942361735611514 0.06119791666666662
1 0.21257798448740978 0.5878906249999996 0.13942361735611514 0.06119791666666662
1 0.2142992637140285 0.6282552083333329 0.13942361735611514 0.06119791666666662
1 0.2091354260341724 0.6699218749999996 0.13942361735611514 0.06119791666666662
1 0.20397158835431625 0.7089843749999996 0.13942361735611514 0.06119791666666662
1 0.2160205429406472 0.7493489583333328 0.13942361735611514 0.06119791666666662
1 0.21257798448740978 0.7897135416666662 0.13942361735611514 0.06119791666666662
1 0.2160205429406472 0.8300781249999993 0.13942361735611514 0.06119791666666662
1 0.37265695256294934 0.8326822916666659 0.13942361735611514 0.06119791666666662
1 0.37782079024280546 0.7910156249999993 0.13942361735611514 0.06119791666666662
1 0.37265695256294934 0.7532552083333326 0.13942361735611514 0.06119791666666662
1 0.37265695256294934 0.7115885416666659 0.13942361735611514 0.06119791666666662
1 0.37437823178956803 0.6725260416666659 0.13942361735611514 0.06119791666666662
1 0.37437823178956803 0.6360677083333325 0.13942361735611514 0.06119791666666662
1 0.37437823178956803 0.5957031249999992 0.13942361735611514 0.06119791666666662
1 0.3709356733363306 0.5527343749999992 0.13942361735611514 0.06119791666666662
1 0.37782079024280546 0.5110677083333326 0.13942361735611514 0.06119791666666662
1 0.37609951101618677 0.426432291666666 0.13942361735611514 0.06119791666666662
1 0.3795420694694242 0.4733072916666659 0.13942361735611514 0.06119791666666662
1 0.37609951101618677 0.391276041666666 0.13942361735611514 0.06119791666666662
0 0.6342913950089927 0.422526041666666 0.13942361735611514 0.06119791666666662
0 0.6377339534622302 0.4707031249999993 0.13942361735611514 0.06119791666666662
0 0.6377339534622302 0.5149739583333326 0.13942361735611514 0.06119791666666662
1 0.6360126742356115 0.5957031249999992 0.13942361735611514 0.06119791666666662
1 0.6342913950089928 0.5605468749999992 0.13942361735611514 0.06119791666666662
1 0.6360126742356115 0.6399739583333326 0.13942361735611514 0.06119791666666662
1 0.6342913950089928 0.6803385416666659 0.13942361735611514 0.06119791666666662
1 0.6377339534622303 0.7194010416666659 0.13942361735611514 0.06119791666666662
1 0.6342913950089928 0.7610677083333326 0.13942361735611514 0.06119791666666662
1 0.6411765119154677 0.8001302083333326 0.13942361735611514 0.06119791666666662
1 0.639455232688849 0.8430989583333326 0.13942361735611514 0.06119791666666662
1 0.8064193176708632 0.8365885416666659 0.13942361735611514 0.06119791666666662
1 0.8167469930305755 0.7988281249999993 0.13942361735611514 0.06119791666666662
1 0.8098618761241008 0.7545572916666659 0.13942361735611514 0.06119791666666662
1 0.8184682722571942 0.7233072916666659 0.13942361735611514 0.06119791666666662
1 0.8167469930305755 0.6803385416666659 0.13942361735611514 0.06119791666666662
0 0.8115831553507193 0.6373697916666659 0.13942361735611514 0.06119791666666662
1 0.8115831553507193 0.5996093749999992 0.13942361735611514 0.06119791666666662
0 0.8167469930305754 0.5566406249999992 0.13942361735611514 0.06119791666666662
0 0.813304434577338 0.5136718749999993 0.13942361735611514 0.06119791666666662
0 0.8184682722571942 0.46419270833333265 0.13942361735611514 0.06119791666666662
1 0.8115831553507193 0.42513020833333265 0.13942361735611514 0.06119791666666662
