0 0.29857943517080743 0.09635416666666666 0.23018973214285715 0.06249999999999999
1 0.29857943517080743 0.14453125 0.23018973214285715 0.06249999999999999
0 0.29190726902173914 0.1875 0.23018973214285715 0.06249999999999999
0 0.288571185947205 0.23046875 0.23018973214285715 0.06249999999999999
0 0.288571185947205 0.27864583333333337 0.23018973214285715 0.06249999999999999
1 0.288571185947205 0.32291666666666663 0.23018973214285715 0.06249999999999999
0 0.30358355978260865 0.3658854166666669 0.3135918090062112 0.06250000000000001
1 0.27189077057453415 0.41145833333333326 0.23018973214285715 0.06249999999999999
0 0.2752268536490683 0.45703124999999994 0.23018973214285715 0.06249999999999999
1 0.25854643827639756 0.5013020833333333 0.23018973214285715 0.06249999999999999
0 0.2452021059782609 0.5455729166666666 0.23018973214285715 0.06249999999999999
1 0.25521035520186336 0.5924479166666666 0.23018973214285715 0.06249999999999999
0 0.25521035520186336 0.6341145833333334 0.23018973214285715 0.06249999999999999
0 0.25521035520186336 0.6809895833333335 0.23018973214285715 0.06249999999999999
1 0.2452021059782609 0.7278645833333335 0.23018973214285715 0.06249999999999999
0 0.23852993982919257 0.7734375000000001 0.23018973214285715 0.06249999999999999
0 0.22518560753105593 0.8151041666666669 0.23018973214285715 0.06249999999999999
1 0.22852169060559008 0.8645833333333335 0.23018973214285715 0.06249999999999999
0 0.2552103552018633 0.9140625000000001 0.30358355978260865 0.0625
1 0.6939052795031057 0.3040364583333332 0.2535423136645961 0.07682291666666681
1 0.6905691964285715 0.3678385416666665 0.2535423136645961 0.07682291666666681
1 0.6972413625776399 0.4218749999999998 0.25354231366459606 0.07291666666666681
0 0.6905691964285714 0.4622395833333332 0.25354231366459606 0.06510416666666669
1 0.6805609472049688 0.5104166666666665 0.25354231366459606 0.06510416666666669
0 0.6772248641304347 0.5559895833333333 0.25354231366459606 0.06510416666666669
0 0.6772248641304347 0.6041666666666665 0.25354231366459606 0.06510416666666669
1 0.6705526979813663 0.6471354166666664 0.25354231366459606 0.06510416666666669
1 0.6605444487577639 0.6940104166666664 0.25354231366459606 0.06510416666666669
1 0.663880531832298 0.7356770833333331 0.25354231366459606 0.06510416666666669
1 0.6505361995341613 0.7786458333333331 0.25354231366459606 0.06510416666666669
0 0.6538722826086957 0.8333333333333331 0.25354231366459606 0.06510416666666669
0 0.6255155764751543 0.8671875 0.3302722243788814 0.05989583333333367
0 0.6288516595496886 0.9153645833333335 0.3302722243788814 0.05989583333333367
