0 0.09028374892519345 0.4288880512923198 0.04643164230438521 0.3962316006863057
1 0.12940670679277733 0.4027628908075085 0.04901117798796223 0.3613980533732237
1 0.16981943250214965 0.4071170842216437 0.04901117798796223 0.3613980533732237
1 0.21109200343938095 0.4158254710499142 0.04901117798796223 0.3613980533732237
0 0.2480653482373173 0.4245338578781846 0.04901117798796223 0.3613980533732237
0 0.2919174548581255 0.41800256775698175 0.04901117798796223 0.36575224678735885
0 0.3297506448839208 0.43541934141352273 0.0490111779879622 0.3918774072721702
0 0.368443680137575 0.43541934141352273 0.049011177987962194 0.409294180928711
0 0.4079965606190878 0.4419506315347255 0.049011177987962146 0.42235676117111665
1 0.44754944110060135 0.4245338578781846 0.049011177987962125 0.3613980533732235
1 0.48882201203783265 0.4288880512923198 0.049011177987962125 0.3613980533732235
1 0.527515047291487 0.4245338578781846 0.049011177987962125 0.3613980533732235
1 0.5687876182287183 0.4288880512923198 0.049011177987962125 0.3613980533732235
1 0.6066208082545137 0.43759643812059024 0.049011177987962125 0.3613980533732235
1 0.6470335339638861 0.4419506315347255 0.049011177987962125 0.3613980533732235
0 0.6865864144453994 0.45719030848419884 0.04901117798796212 0.3918774072721699
1 0.7278589853826305 0.43541934141352256 0.04901117798796213 0.330918699474277
0 0.7639724849527078 0.4506590183629959 0.04901117798796212 0.3526896665449531
1 0.8035253654342212 0.4375964381205901 0.049011177987962104 0.33527289288841206
0 0.8456577815993113 0.4593674051912662 0.04901117798796212 0.37881482702976427
0 0.8860705073086836 0.4506590183629957 0.04901117798796212 0.37881482702976427
1 0.9613069647463446 0.7445670738171236 0.042992261392949226 0.35704385995908827
