0 0.6245125205254516 0.15690104166666669 0.4923542692939245 0.07942708333333336
1 0.634877873563218 0.21809895833333331 0.49235426929392434 0.0690104166666667
0 0.6245125205254511 0.2688802083333333 0.49235426929392434 0.0690104166666667
0 0.6296951970443345 0.326171875 0.49235426929392434 0.0690104166666667
0 0.6452432266009848 0.38476562500000006 0.49235426929392434 0.0690104166666667
1 0.6400605500821014 0.4381510416666668 0.49235426929392434 0.0690104166666667
0 0.660791256157635 0.4954427083333334 0.49235426929392434 0.0690104166666667
1 0.660791256157635 0.5501302083333335 0.49235426929392434 0.0690104166666667
1 0.6504259031198683 0.5996093750000002 0.49235426929392434 0.0690104166666667
0 0.6193298440065678 0.6542968750000001 0.49235426929392434 0.0690104166666667
0 0.6245125205254511 0.7063802083333335 0.49235426929392434 0.0690104166666667
0 0.6193298440065678 0.7610677083333335 0.49235426929392434 0.0690104166666667
0 0.598599137931034 0.8157552083333335 0.49235426929392434 0.0690104166666667
0 0.6452432266009848 0.8704427083333333 0.5338156814449916 0.0690104166666667
