1 0.08598452278589858 0.6088779019776441 0.04815133276010322 0.16315563198624233
1 0.11177987962166813 0.6159716251074808 0.04815133276010322 0.16315563198624233
1 0.13929492691315562 0.607695614789338 0.04815133276010322 0.17497850386930336
1 0.16852966466036115 0.6053310404127257 0.04815133276010322 0.17497850386930336
1 0.20206362854686158 0.6100601891659501 0.05503009458297515 0.17497850386930325
1 0.23473774720550303 0.6124247635425624 0.04815133276010322 0.17497850386930336
1 0.2661220980223559 0.6147893379191747 0.05588993981083414 0.17497850386930336
1 0.2897678417884781 0.6218830610490113 0.0034393809114359186 0.004729148753224379
1 0.30051590713671533 0.6171539122957869 0.05588993981083415 0.17497850386930336
1 0.32975064488392086 0.6147893379191747 0.05588993981083415 0.17497850386930336
1 0.3658641444539982 0.6124247635425624 0.05588993981083415 0.17497850386930336
1 0.40111779879621656 0.6171539122957869 0.05588993981083415 0.17497850386930336
1 0.43379191745485807 0.6195184866723991 0.05588993981083415 0.17497850386930336
1 0.4664660361134995 0.6171539122957869 0.05588993981083415 0.17497850386930336
1 0.495700773860705 0.6218830610490113 0.05588993981083415 0.17497850386930336
1 0.5309544282029234 0.6266122098022356 0.05588993981083415 0.17497850386930336
1 0.560189165950129 0.6266122098022356 0.05588993981083415 0.17497850386930336
1 0.5920034393809115 0.63134135855546 0.05588993981083415 0.17497850386930336
1 0.622957867583835 0.6289767841788477 0.05588993981083415 0.17497850386930336
1 0.6564918314703353 0.6289767841788477 0.05588993981083415 0.17497850386930336
1 0.6865864144453998 0.6337059329320722 0.05588993981083415 0.17497850386930336
1 0.7184006878761822 0.63134135855546 0.05588993981083415 0.17497850386930336
1 0.7484952708512468 0.63134135855546 0.05588993981083415 0.17497850386930336
1 0.7828890799656061 0.6360705073086844 0.05588993981083415 0.17497850386930336
1 0.8112639724849526 0.6360705073086844 0.05588993981083415 0.17497850386930336
1 0.841358555460017 0.6360705073086844 0.05588993981083415 0.17497850386930336
1 0.09845227858985378 0.7542992261392949 0.05588993981083415 0.17497850386930336
1 0.12510748065348232 0.7590283748925194 0.05588993981083415 0.17497850386930336
1 0.15520206362854683 0.7613929492691315 0.05588993981083415 0.17497850386930336
1 0.18529664660361128 0.7613929492691315 0.05588993981083415 0.17497850386930336
1 0.21539122957867576 0.7542992261392949 0.05588993981083415 0.17497850386930336
1 0.25064488392089423 0.7613929492691315 0.05588993981083415 0.17497850386930336
1 0.2798796216680997 0.7590283748925194 0.05588993981083415 0.17497850386930336
1 0.31513327601031815 0.7590283748925194 0.05588993981083415 0.17497850386930336
1 0.3443680137575237 0.7590283748925194 0.05588993981083415 0.17497850386930336
1 0.3787618228718831 0.7566638005159072 0.05588993981083415 0.17497850386930336
1 0.41573516766981944 0.7684866723989682 0.05588993981083415 0.17497850386930336
1 0.45012897678417885 0.7732158211521926 0.05588993981083415 0.17497850386930336
1 0.4785038693035254 0.7708512467755803 0.05588993981083415 0.17497850386930336
1 0.5094582975064489 0.7684866723989682 0.05588993981083415 0.17497850386930336
1 0.5455717970765263 0.7684866723989682 0.05588993981083415 0.17497850386930336
1 0.5705073086844369 0.7684866723989682 0.05588993981083415 0.17497850386930336
1 0.6083404987102323 0.7755803955288049 0.05588993981083415 0.17497850386930336
1 0.6349957007738608 0.766122098022356 0.05588993981083415 0.17497850386930336
1 0.6685296646603612 0.7684866723989682 0.05588993981083415 0.17497850386930336
1 0.7037833190025796 0.7803095442820291 0.05588993981083415 0.17497850386930336
1 0.7330180567497852 0.7732158211521926 0.05588993981083415 0.17497850386930336
1 0.7674118658641446 0.7755803955288049 0.05588993981083415 0.17497850386930336
1 0.7966466036113501 0.7874032674118658 0.05588993981083415 0.17497850386930336
1 0.8336199484092864 0.7803095442820291 0.05588993981083415 0.17497850386930336
1 0.861994840928633 0.7850386930352536 0.05588993981083415 0.17497850386930336
1 0.08383490971625132 0.3286758383490971 0.05588993981083415 0.17497850386930336
1 0.11435941530524535 0.3286758383490971 0.05331040412725724 0.17024935511607897
1 0.1453138435081688 0.3239466895958727 0.05331040412725724 0.17024935511607897
1 0.1745485812553743 0.3286758383490971 0.05331040412725724 0.17024935511607897
1 0.20292347377472084 0.3286758383490971 0.05331040412725724 0.17024935511607897
1 0.2364574376612213 0.3334049871023215 0.05331040412725724 0.17024935511607897
1 0.2708512467755807 0.33104041272570933 0.05331040412725724 0.17024935511607897
1 0.29664660361135026 0.33104041272570933 0.05331040412725724 0.17024935511607897
1 0.3297506448839213 0.33813413585554586 0.055889939810834226 0.1844368013757524
1 0.3598452278589857 0.34049871023215805 0.05588993981083422 0.1844368013757524
1 0.3907996560619092 0.34049871023215805 0.05588993981083422 0.1844368013757524
1 0.4260533104041276 0.34049871023215805 0.05588993981083422 0.1844368013757524
1 0.45614789337919204 0.3428632846087703 0.05588993981083422 0.1844368013757524
1 0.48452278589853853 0.33813413585554586 0.05588993981083422 0.1844368013757524
1 0.5163370593293208 0.3428632846087703 0.05588993981083422 0.1844368013757524
1 0.5524505588993983 0.33813413585554586 0.05588993981083422 0.1844368013757524
1 0.5808254514187448 0.33813413585554586 0.05588993981083422 0.1844368013757524
1 0.6126397248495272 0.34522785898538244 0.05588993981083422 0.1844368013757524
1 0.6444539982803097 0.34522785898538244 0.05588993981083422 0.1844368013757524
1 0.6771281169389511 0.3428632846087703 0.05588993981083422 0.1844368013757524
1 0.7046431642304387 0.3499570077386069 0.05588993981083422 0.1844368013757524
1 0.746775580395529 0.3499570077386069 0.05588993981083422 0.1844368013757524
1 0.7751504729148756 0.3499570077386069 0.05588993981083422 0.1844368013757524
1 0.8061049011177991 0.3523215821152192 0.05588993981083422 0.1844368013757524
1 0.8370593293207225 0.3523215821152192 0.05588993981083422 0.1844368013757524
1 0.867153912295787 0.349957007738607 0.05588993981083422 0.1844368013757524
1 0.10404127257093744 0.18443680137575222 0.04815133276010341 0.18443680137575247
0 0.13069647463456596 0.18207222699914 0.04815133276010341 0.18443680137575247
1 0.16165090283748948 0.18916595012897658 0.04815133276010341 0.18443680137575247
1 0.19303525365434246 0.1797076526225278 0.0524505588993983 0.18443680137575247
1 0.22398968185726592 0.17734307824591553 0.05588993981083425 0.1844368013757524
1 0.25838349097162533 0.18207222699914 0.05588993981083425 0.1844368013757524
1 0.2884780739466898 0.18680137575236436 0.05588993981083425 0.1844368013757524
1 0.3159931212381773 0.18916595012897658 0.05588993981083425 0.1844368013757524
1 0.35124677558039574 0.19153052450558883 0.05588993981083425 0.1844368013757524
1 0.3796216680997423 0.19153052450558883 0.05588993981083425 0.1844368013757524
1 0.4079965606190888 0.18680137575236436 0.05588993981083425 0.1844368013757524
1 0.44153052450558916 0.18916595012897658 0.05588993981083425 0.1844368013757524
1 0.4750644883920897 0.18916595012897658 0.05588993981083425 0.1844368013757524
1 0.5042992261392952 0.193895098882201 0.05588993981083425 0.1844368013757524
1 0.5378331900257955 0.193895098882201 0.05588993981083425 0.1844368013757524
1 0.5670679277730011 0.19625967325881322 0.05588993981083425 0.1844368013757524
1 0.6023215821152195 0.19625967325881322 0.05588993981083425 0.1844368013757524
1 0.6384350816852968 0.20098882201203763 0.05588993981083425 0.1844368013757524
1 0.6659501289767844 0.20335339638864988 0.05588993981083425 0.1844368013757524
1 0.696044711951849 0.20571797076526205 0.05588993981083425 0.1844368013757524
1 0.7295786758383493 0.20571797076526205 0.05588993981083425 0.1844368013757524
1 0.7622527944969909 0.21044711951848646 0.05588993981083425 0.1844368013757524
1 0.7940670679277734 0.21517626827171094 0.05588993981083425 0.1844368013757524
1 0.8215821152192607 0.2199054170249353 0.05588993981083425 0.1844368013757524
1 0.8516766981943252 0.22226999140154752 0.05588993981083425 0.1844368013757524
1 0.8787618228718834 0.2199054170249353 0.044711951848667233 0.18443680137575238
