0 0.196630462398374 0.9192708333333335 0.2757346714092141 0.046875
0 0.196630462398374 0.8867187500000001 0.2757346714092141 0.046875
0 0.19211022188346885 0.8554687500000001 0.2757346714092141 0.046875
0 0.20115070291327913 0.8203125000000001 0.2757346714092141 0.046875
0 0.20115070291327913 0.7916666666666669 0.2757346714092141 0.046875
0 0.21019118394308944 0.7591145833333335 0.2757346714092141 0.046875
0 0.21019118394308944 0.7278645833333335 0.2757346714092141 0.046875
0 0.19211022188346885 0.6966145833333335 0.2757346714092141 0.046875
0 0.20115070291327913 0.6653645833333335 0.2757346714092141 0.046875
0 0.20115070291327913 0.6328125000000001 0.2757346714092141 0.046875
0 0.2056709434281843 0.6015625000000001 0.2757346714092141 0.046875
0 0.20115070291327913 0.5677083333333335 0.2757346714092141 0.046875
0 0.21019118394308944 0.5390625000000001 0.2757346714092141 0.046875
0 0.20115070291327913 0.5091145833333335 0.2757346714092141 0.046875
0 0.2056709434281843 0.4739583333333335 0.2757346714092141 0.046875
0 0.20115070291327913 0.4427083333333335 0.2757346714092141 0.046875
0 0.20115070291327913 0.4088541666666668 0.2757346714092141 0.046875
0 0.19211022188346885 0.3763020833333335 0.2757346714092141 0.046875
0 0.21019118394308944 0.3489583333333335 0.2757346714092141 0.046875
0 0.2056709434281843 0.3138020833333335 0.2757346714092141 0.046875
0 0.2056709434281843 0.2825520833333335 0.2757346714092141 0.046875
0 0.196630462398374 0.24609375000000014 0.2757346714092141 0.046875
0 0.20115070291327913 0.2122395833333335 0.2757346714092141 0.046875
0 0.2056709434281843 0.17578125000000022 0.2757346714092141 0.046875
0 0.7164581216124661 0.35416666666666685 0.2757346714092141 0.046875
0 0.7164581216124661 0.41406250000000017 0.2757346714092141 0.046875
1 0.7074176405826558 0.4622395833333335 0.2757346714092141 0.046875
0 0.6983771595528454 0.5117187500000001 0.2757346714092141 0.046875
0 0.7074176405826558 0.5638020833333335 0.2757346714092141 0.046875
0 0.691596798780486 0.07617187500000011 0.15368817750677577 0.08463541666666669
0 0.5785907859078573 0.07486979166666678 0.15368817750677577 0.08463541666666669
0 0.4701050135501337 0.07096354166666678 0.15368817750677577 0.08463541666666669
0 0.7503599254742529 0.7766927083333335 0.15368817750677577 0.08463541666666669
0 0.8972677422086703 0.7727864583333333 0.1762893800813014 0.08463541666666664
