1 0.5968424479166665 0.087890625 0.24559067234848483 0.03515624999999999
1 0.602553858901515 0.11263020833333331 0.24559067234848483 0.03515624999999999
1 0.602553858901515 0.13997395833333331 0.24559067234848483 0.03515624999999999
0 0.6196880918560604 0.16471354166666663 0.24559067234848483 0.03515624999999999
1 0.6139766808712119 0.19075520833333337 0.24559067234848483 0.03515624999999999
1 0.6082652698863634 0.21289062500000003 0.24559067234848483 0.03515624999999999
1 0.6082652698863634 0.23632812500000003 0.24559067234848483 0.03515624999999999
1 0.6139766808712119 0.26106770833333337 0.24559067234848483 0.03515624999999999
1 0.6196880918560604 0.28710937500000006 0.24559067234848483 0.03515624999999999
1 0.6139766808712119 0.34440104166666674 0.24559067234848483 0.03515624999999999
1 0.625399502840909 0.3665364583333334 0.24559067234848483 0.03515624999999999
1 0.6196880918560604 0.39127604166666674 0.24559067234848483 0.03515624999999999
1 0.6196880918560604 0.41992187500000006 0.24559067234848483 0.03515624999999999
1 0.625399502840909 0.44205729166666674 0.24559067234848483 0.03515624999999999
0 0.6196880918560604 0.46679687500000006 0.24559067234848483 0.03515624999999999
1 0.5968424479166665 0.4915364583333334 0.24559067234848483 0.03515624999999999
0 0.5854196259469695 0.5162760416666667 0.24559067234848483 0.03515624999999999
1 0.6082652698863634 0.5449218750000001 0.24559067234848483 0.03515624999999999
0 0.6082652698863634 0.5644531250000001 0.24559067234848483 0.03515624999999999
0 0.5968424479166665 0.6204427083333335 0.24559067234848483 0.03515624999999999
0 0.5968424479166665 0.6451822916666669 0.24559067234848483 0.03515624999999999
1 0.6082652698863634 0.6738281250000001 0.24559067234848483 0.03515624999999999
0 0.602553858901515 0.6946614583333335 0.24559067234848483 0.03515624999999999
0 0.602553858901515 0.7180989583333335 0.24559067234848483 0.03515624999999999
1 0.6139766808712119 0.7467447916666669 0.24559067234848483 0.03515624999999999
0 0.625399502840909 0.7727864583333335 0.24559067234848483 0.03515624999999999
0 0.6311109138257575 0.7936197916666669 0.24559067234848483 0.03515624999999999
1 0.6139766808712119 0.8222656250000001 0.24559067234848483 0.03515624999999999
1 0.6196880918560604 0.8444010416666669 0.24559067234848483 0.03515624999999999
1 0.6139766808712119 0.8704427083333335 0.24559067234848483 0.03515624999999999
1 0.3284061316287877 0.8691406250000001 0.24559067234848483 0.03515624999999999
0 0.31127189867424226 0.8951822916666669 0.24559067234848483 0.03515624999999999
1 0.3226947206439392 0.8430989583333335 0.24559067234848483 0.03515624999999999
0 0.3284061316287877 0.8196614583333335 0.24559067234848483 0.03515624999999999
1 0.3398289535984847 0.7897135416666669 0.24559067234848483 0.03515624999999999
0 0.3226947206439392 0.7649739583333335 0.24559067234848483 0.03515624999999999
1 0.32840613162878773 0.7415364583333335 0.24559067234848483 0.03515624999999999
0 0.33411754261363624 0.7167968750000001 0.24559067234848483 0.03515624999999999
0 0.33411754261363624 0.6933593750000001 0.24559067234848483 0.03515624999999999
0 0.3398289535984847 0.6660156250000001 0.24559067234848483 0.03515624999999999
1 0.33411754261363624 0.6425781250000001 0.24559067234848483 0.03515624999999999
0 0.3226947206439392 0.6204427083333335 0.24559067234848483 0.03515624999999999
0 0.33411754261363624 0.5605468750000001 0.24559067234848483 0.03515624999999999
1 0.32840613162878773 0.5423177083333335 0.24559067234848483 0.03515624999999999
0 0.33411754261363624 0.5123697916666667 0.24559067234848483 0.03515624999999999
0 0.3169833096590908 0.49023437500000017 0.24559067234848483 0.03515624999999999
1 0.3112718986742423 0.4641927083333335 0.24559067234848483 0.03515624999999999
0 0.33411754261363624 0.4407552083333335 0.24559067234848483 0.03515624999999999
0 0.32840613162878773 0.4095052083333335 0.24559067234848483 0.03515624999999999
1 0.3398289535984847 0.3860677083333335 0.24559067234848483 0.03515624999999999
0 0.3055604876893938 0.3639322916666668 0.24559067234848483 0.03515624999999999
1 0.29413766571969685 0.3430989583333335 0.24559067234848483 0.03515624999999999
1 0.29413766571969685 0.2858072916666668 0.24559067234848483 0.03515624999999999
1 0.2998490767045453 0.2584635416666668 0.24559067234848483 0.03515624999999999
1 0.2998490767045453 0.23502604166666682 0.24559067234848483 0.03515624999999999
1 0.3055604876893938 0.2102864583333335 0.24559067234848483 0.03515624999999999
1 0.2998490767045453 0.18554687500000014 0.24559067234848483 0.03515624999999999
1 0.3174863873106061 0.1595052083333335 0.24559067234848483 0.03515624999999999
1 0.31177497632575757 0.13476562500000017 0.24559067234848483 0.03515624999999999
1 0.3003521543560606 0.10872395833333352 0.24559067234848483 0.03515624999999999
1 0.3060635653409091 0.08789062500000018 0.24559067234848483 0.03515624999999999
