1 0.3744044059011166 0.5989583333333335 0.03116527113237674 0.07291666666666664
1 0.393777412280702 0.5989583333333335 0.03116527113237674 0.07291666666666664
1 0.4139927232854867 0.5976562500000001 0.03116527113237674 0.07291666666666664
1 0.4325234250398726 0.5963541666666669 0.03116527113237674 0.07291666666666664
1 0.45189643141945784 0.5950520833333335 0.03116527113237674 0.07291666666666664
1 0.472954047049442 0.5950520833333335 0.03116527113237674 0.07291666666666664
1 0.4923270534290273 0.5950520833333335 0.03116527113237674 0.07291666666666664
1 0.5108577551834133 0.5950520833333335 0.03116527113237674 0.07291666666666664
1 0.5319153708133973 0.5976562500000001 0.03116527113237674 0.07291666666666664
1 0.5504460725677833 0.5950520833333335 0.03116527113237674 0.07291666666666664
1 0.5698190789473687 0.5937500000000001 0.03116527113237674 0.07291666666666664
1 0.5908766945773527 0.5924479166666669 0.03116527113237674 0.07291666666666664
1 0.6094073963317386 0.5937500000000001 0.03116527113237674 0.07291666666666664
1 0.6287804027113241 0.5950520833333335 0.03116527113237674 0.07291666666666664
1 0.6473111044657098 0.5937500000000001 0.03116527113237674 0.07291666666666664
0 0.6675264154704946 0.5911458333333335 0.03116527113237674 0.07291666666666664
1 0.41315041866028723 0.6614583333333335 0.03116527113237674 0.07291666666666664
1 0.4333657296650719 0.6627604166666669 0.03116527113237674 0.07291666666666664
1 0.45442334529505607 0.6627604166666669 0.03116527113237674 0.07291666666666664
1 0.47463865629984076 0.6640625000000001 0.03116527113237674 0.07291666666666664
1 0.49232705342902733 0.6601562500000001 0.03116527113237674 0.07291666666666664
1 0.5125423644338121 0.6588541666666669 0.03116527113237674 0.07291666666666664
1 0.5327576754385968 0.6614583333333335 0.03116527113237674 0.07291666666666664
1 0.552130681818182 0.6588541666666669 0.03116527113237674 0.07291666666666664
1 0.5706613835725681 0.6588541666666669 0.03116527113237674 0.07291666666666664
1 0.5917189992025522 0.6601562500000001 0.03116527113237674 0.07291666666666664
1 0.6110920055821374 0.6588541666666669 0.03116527113237674 0.07291666666666664
1 0.6313073165869221 0.6614583333333335 0.03116527113237674 0.07291666666666664
1 0.2758547647527914 0.4466145833333334 0.03116527113237674 0.07291666666666664
1 0.29522777113237675 0.4466145833333334 0.03116527113237674 0.07291666666666664
1 0.3146007775119621 0.44921875000000017 0.03116527113237674 0.07291666666666664
1 0.3365006977671455 0.44921875000000017 0.03116527113237674 0.07291666666666664
1 0.3525044856459333 0.4466145833333334 0.03116527113237674 0.07291666666666664
1 0.3769313197767148 0.44401041666666685 0.03116527113237674 0.07291666666666664
1 0.3946197169059014 0.44791666666666685 0.03116527113237674 0.07291666666666664
1 0.41315041866028734 0.44791666666666685 0.03116527113237674 0.07291666666666664
1 0.4342080342902714 0.44531250000000017 0.03116527113237674 0.07291666666666664
1 0.45189643141945784 0.44401041666666685 0.03116527113237674 0.07291666666666664
1 0.47295404704944205 0.44401041666666685 0.03116527113237674 0.07291666666666664
1 0.48980013955342927 0.44140625000000017 0.03116527113237674 0.07291666666666664
1 0.510015450558214 0.44140625000000017 0.03116527113237674 0.07291666666666664
1 0.5310730661881979 0.4427083333333334 0.03116527113237674 0.07291666666666664
1 0.549603767942584 0.44010416666666685 0.03116527113237674 0.07291666666666664
1 0.5698190789473687 0.44401041666666685 0.03116527113237674 0.07291666666666664
1 0.5908766945773527 0.4427083333333334 0.03116527113237674 0.07291666666666664
0 0.610249700956938 0.44010416666666685 0.03116527113237674 0.07291666666666664
1 0.6304650119617228 0.44010416666666685 0.03116527113237674 0.07291666666666664
1 0.6489957137161088 0.44401041666666685 0.03116527113237674 0.07291666666666664
1 0.6675264154704946 0.44140625000000017 0.03116527113237674 0.07291666666666664
1 0.6885840311004786 0.44140625000000017 0.03116527113237674 0.07291666666666664
1 0.7062724282296651 0.44010416666666685 0.03116527113237674 0.07291666666666664
1 0.7281723484848485 0.43750000000000017 0.03116527113237674 0.07291666666666664
1 0.7483876594896332 0.44140625000000017 0.03116527113237674 0.07291666666666664
1 0.7643914473684209 0.44010416666666685 0.03116527113237674 0.07291666666666664
1 0.785449062998405 0.43750000000000017 0.03116527113237674 0.07291666666666664
0 0.806506678628389 0.43750000000000017 0.03116527113237674 0.07291666666666664
1 0.8250373803827751 0.43750000000000017 0.03116527113237674 0.07291666666666664
0 0.8444103867623604 0.43619791666666685 0.03116527113237674 0.07291666666666664
1 0.8629410885167462 0.44010416666666685 0.03116527113237674 0.07291666666666664
1 0.8637833931419456 0.37890625000000017 0.03116527113237674 0.07291666666666664
0 0.8444103867623604 0.37890625000000017 0.03116527113237674 0.07291666666666664
0 0.8241950757575757 0.3763020833333334 0.03116527113237674 0.07291666666666664
0 0.806506678628389 0.37369791666666685 0.03116527113237674 0.07291666666666664
0 0.7862913676236043 0.3763020833333334 0.03116527113237674 0.07291666666666664
0 0.766918361244019 0.37760416666666685 0.03116527113237674 0.07291666666666664
1 0.7441761363636361 0.37890625000000017 0.03116527113237674 0.07291666666666664
1 0.7264877392344495 0.37760416666666685 0.03116527113237674 0.07291666666666664
0 0.7071147328548641 0.37760416666666685 0.03116527113237674 0.07291666666666664
1 0.68605711722488 0.37760416666666685 0.03116527113237674 0.07291666666666664
0 0.6675264154704942 0.3763020833333334 0.03116527113237674 0.07291666666666664
1 0.6464687998405101 0.37760416666666685 0.03116527113237674 0.07291666666666664
1 0.6296227073365229 0.37760416666666685 0.03116527113237674 0.07291666666666664
1 0.6077227870813394 0.37760416666666685 0.03116527113237674 0.07291666666666664
1 0.5883497807017541 0.37890625000000017 0.03116527113237674 0.07291666666666664
1 0.5698190789473682 0.38281250000000017 0.03116527113237674 0.07291666666666664
1 0.5504460725677827 0.38281250000000017 0.03116527113237674 0.07291666666666664
1 0.5293884569377988 0.38151041666666685 0.03116527113237674 0.07291666666666664
0 0.5108577551834128 0.38151041666666685 0.03116527113237674 0.07291666666666664
1 0.4898001395534287 0.38151041666666685 0.03116527113237674 0.07291666666666664
1 0.4729540470494415 0.38281250000000017 0.03116527113237674 0.07291666666666664
1 0.45189643141945746 0.38151041666666685 0.03116527113237674 0.07291666666666664
1 0.4333657296650714 0.38151041666666685 0.03116527113237674 0.07291666666666664
1 0.41315041866028673 0.3841145833333334 0.03116527113237674 0.07291666666666664
1 0.3954620215311001 0.3841145833333334 0.03116527113237674 0.07291666666666664
1 0.37356210127591666 0.38541666666666685 0.03116527113237674 0.07291666666666664
1 0.35334679027113197 0.38541666666666685 0.03116527113237674 0.07291666666666664
1 0.334816088516746 0.38541666666666685 0.03116527113237674 0.07291666666666664
1 0.31375847288676195 0.38671875000000017 0.03116527113237674 0.07291666666666664
1 0.29522777113237597 0.3880208333333334 0.03116527113237674 0.07291666666666664
1 0.27669706937798993 0.38541666666666685 0.03116527113237674 0.07291666666666664
0 0.25395484449760725 0.3880208333333334 0.03116527113237674 0.07291666666666664
1 0.23626644736842065 0.38671875000000017 0.03116527113237674 0.07291666666666664
1 0.21605113636363593 0.38932291666666685 0.03116527113237674 0.07291666666666664
1 0.3129161682615626 0.23828125000000014 0.03116527113237674 0.07291666666666664
1 0.3306045653907492 0.24088541666666682 0.03116527113237674 0.07291666666666664
1 0.3499775717703345 0.23958333333333345 0.03116527113237674 0.07291666666666664
1 0.3701928827751192 0.24088541666666682 0.03116527113237674 0.07291666666666664
1 0.38956588915470447 0.24348958333333345 0.03116527113237674 0.07291666666666664
1 0.41062350478468856 0.23958333333333345 0.03116527113237674 0.07291666666666664
1 0.42915420653907455 0.23697916666666682 0.03116527113237674 0.07291666666666664
1 0.44936951754385923 0.23697916666666682 0.03116527113237674 0.07291666666666664
1 0.4679002192982452 0.23437500000000017 0.03116527113237674 0.07291666666666664
1 0.4881155303030299 0.23437500000000014 0.03116527113237674 0.07291666666666664
0 0.5268615430622006 0.23437500000000017 0.03116527113237674 0.07291666666666664
0 0.5058039274322166 0.23307291666666682 0.027796052631579297 0.07291666666666664
1 0.667526415470494 0.23046875000000014 0.03116527113237674 0.07291666666666664
1 0.6666841108452946 0.16406250000000014 0.03116527113237674 0.07291666666666664
1 0.7062724282296645 0.16406250000000014 0.03116527113237674 0.07291666666666664
0 0.7264877392344492 0.16406250000000014 0.03116527113237674 0.07291666666666664
1 0.7467030502392339 0.16406250000000014 0.03116527113237674 0.07291666666666664
1 0.7635491427432209 0.16406250000000014 0.03116527113237674 0.07291666666666664
1 0.7854490629984043 0.1666666666666668 0.03116527113237674 0.07291666666666664
1 0.8048220693779896 0.1627604166666668 0.03116527113237674 0.07291666666666664
0 0.8418834728867617 0.1627604166666668 0.03116527113237674 0.07291666666666664
0 0.821668161881977 0.16406250000000014 0.03116527113237674 0.07291666666666664
0 0.8620987838915464 0.16406250000000014 0.03116527113237674 0.07291666666666664
1 0.8620987838915464 0.22135416666666682 0.03116527113237674 0.07291666666666664
0 0.8427257775119611 0.22786458333333345 0.03116527113237674 0.07291666666666664
1 0.8233527711323758 0.22786458333333345 0.03116527113237674 0.07291666666666664
1 0.8048220693779897 0.22786458333333345 0.03116527113237674 0.07291666666666664
1 0.784606758373205 0.22916666666666682 0.03116527113237674 0.07291666666666664
1 0.7660760566188192 0.22916666666666682 0.03116527113237674 0.07291666666666664
1 0.7475453548644333 0.22916666666666682 0.03116527113237674 0.07291666666666664
0 0.7273300438596486 0.23046875000000017 0.03116527113237674 0.07291666666666664
1 0.7054301236044651 0.22916666666666682 0.03116527113237674 0.07291666666666664
1 0.9610695773524697 0.13151041666666688 0.04885366826156273 0.04427083333333338
1 0.9610695773524697 0.16145833333333356 0.04885366826156273 0.04427083333333338
1 0.9585426634768714 0.18880208333333356 0.04885366826156273 0.04427083333333338
1 0.9619118819776691 0.22005208333333356 0.04885366826156273 0.04427083333333338
1 0.9610695773524697 0.4322916666666669 0.04885366826156273 0.04427083333333338
1 0.9610695773524697 0.4635416666666669 0.04885366826156273 0.04427083333333338
1 0.9619118819776691 0.4947916666666669 0.04885366826156273 0.04427083333333338
1 0.9627541866028683 0.5286458333333336 0.04885366826156273 0.04427083333333338
0 0.9320100677830905 0.5755208333333334 0.04464214513556782 0.07552083333333348
0 0.9151639752791025 0.6009114583333335 0.044642145135567815 0.06380208333333341
0 0.9008447966507134 0.6243489583333335 0.044642145135567815 0.06380208333333341
0 0.8574661084529464 0.6490885416666667 0.033692185007976 0.07682291666666703
1 0.8347238835725644 0.658203125 0.033692185007976015 0.06901041666666703
1 0.8136662679425806 0.662109375 0.033692185007976015 0.06901041666666703
1 0.7938721092503954 0.6718750000000003 0.03790370813397281 0.07291666666666714
1 0.7744991028708099 0.686197916666667 0.03790370813397281 0.07291666666666714
1 0.7563895534290235 0.7005208333333333 0.040430622009570705 0.07291666666666712
1 0.7378588516746377 0.7174479166666664 0.04379984051036817 0.07291666666666713
1 0.7184858452950523 0.7343749999999996 0.04379984051036817 0.07291666666666713
1 0.7041666666666632 0.7578124999999996 0.04379984051036817 0.07291666666666713
1 0.689847488038274 0.7812499999999996 0.04379984051036817 0.07291666666666713
1 0.678055223285483 0.8033854166666662 0.04379984051036817 0.07291666666666713
1 0.6628937400318945 0.825520833333333 0.04379984051036817 0.07291666666666713
1 0.6477322567783059 0.845052083333333 0.04379984051036817 0.07291666666666713
1 0.6367822966507143 0.8671874999999996 0.04379984051036817 0.07291666666666713
1 0.6182515948963283 0.8854166666666662 0.04379984051036817 0.07291666666666713
1 0.6039324162679391 0.9088541666666662 0.04379984051036817 0.07291666666666713
1 0.2964912280701719 0.7148437499999996 0.047169059011165936 0.07291666666666714
1 0.3099681020733617 0.735677083333333 0.047169059011165936 0.07291666666666714
1 0.3259718899521495 0.755208333333333 0.047169059011165936 0.07291666666666714
1 0.34029106858053865 0.7760416666666663 0.047169059011165936 0.07291666666666714
1 0.35545255183412716 0.798177083333333 0.047169059011165936 0.07291666666666714
1 0.4228369218500761 0.8828124999999996 0.047169059011165936 0.07291666666666714
1 0.4354714912280665 0.9088541666666662 0.047169059011165936 0.07291666666666714
1 0.20552232854864072 0.5911458333333328 0.047169059011165936 0.07291666666666714
1 0.19036084529505223 0.5716145833333328 0.047169059011165936 0.07291666666666714
1 0.17772627591706183 0.5494791666666662 0.047169059011165936 0.07291666666666714
1 0.16172248803827396 0.5299479166666662 0.047169059011165936 0.07291666666666714
1 0.14740330940988483 0.5078124999999996 0.047169059011165936 0.07291666666666714
1 0.1322418261562963 0.4882812499999995 0.047169059011165936 0.07291666666666714
1 0.10191885964911919 0.41666666666666535 0.045484449760767126 0.04427083333333328
1 0.10191885964911919 0.3841145833333321 0.045484449760767126 0.04427083333333328
1 0.10276116427431853 0.3567708333333321 0.045484449760767126 0.04427083333333328
1 0.10023425039872044 0.321614583333332 0.045484449760767126 0.04427083333333328
1 0.10023425039872044 0.2929687499999987 0.045484449760767126 0.04427083333333328
1 0.473796351674637 0.9290364583333311 0.03116527113237805 0.07682291666666677
1 0.49401166267942176 0.9277343749999979 0.03116527113237805 0.07682291666666677
1 0.5133846690590071 0.9277343749999979 0.03116527113237805 0.07682291666666677
1 0.531915370813393 0.9277343749999979 0.03116527113237805 0.07682291666666677
1 0.5538152910685765 0.9277343749999979 0.03116527113237805 0.07682291666666677
1 0.5723459928229624 0.9277343749999979 0.03116527113237805 0.07682291666666677
