1 0.26225279449699057 0.462922997971037 0.09974204643164236 0.33143125146564534
0 0.31986242476354254 0.4449104299565997 0.09974204643164236 0.33143125146564534
1 0.37575236457437666 0.4196928347363875 0.09974204643164236 0.33143125146564534
0 0.43336199484092863 0.38907146911184426 0.09974204643164236 0.33143125146564534
0 0.49957007738607045 0.3530463330829698 0.09974204643164236 0.33143125146564534
0 0.5649183147033533 0.3170211970540953 0.09974204643164236 0.33143125146564534
0 0.6362854686156492 0.2773935474223333 0.09974204643164236 0.33143125146564534
0 0.6861564918314703 0.25037469540067747 0.09974204643164236 0.33143125146564534
0 0.752364574376612 0.21795207297469044 0.09974204643164236 0.33143125146564534
1 0.7755803955288045 0.50795441800713 0.09974204643164236 0.33143125146564534
1 0.7179707652622525 0.5241657292201236 0.09974204643164236 0.33143125146564534
0 0.6517626827171107 0.5421782972345609 0.09974204643164236 0.33143125146564534
0 0.5932932072226995 0.5854084604692104 0.09974204643164236 0.33143125146564534
0 0.5417024935511605 0.6142285692923098 0.09974204643164236 0.33143125146564534
0 0.46517626827171077 0.6646637597327342 0.09974204643164236 0.33143125146564534
0 0.4127257093723127 0.7132976933717147 0.09974204643164236 0.33143125146564534
1 0.35081685296646564 0.7349127749890394 0.09974204643164236 0.33143125146564534
0 0.27601031814273386 0.7457203157977018 0.09974204643164236 0.33143125146564534
