1 0.21525811711582526 0.25716145833333326 0.08565826882645254 0.05598958333333324
1 0.22304523246368457 0.30013020833333326 0.08565826882645254 0.05598958333333324
1 0.22193278741399033 0.3365885416666666 0.08565826882645254 0.05598958333333324
1 0.22082034236429618 0.3756510416666666 0.08565826882645254 0.05598958333333324
1 0.2185954522649078 0.42122395833333326 0.08565826882645254 0.05598958333333324
0 0.22415767751337876 0.46419270833333326 0.08565826882645254 0.05598958333333324
0 0.219707897314602 0.5266927083333333 0.08565826882645254 0.05598958333333324
0 0.22527012256307294 0.5670572916666665 0.08565826882645254 0.05598958333333324
1 0.22193278741399033 0.6061197916666665 0.08565826882645254 0.05598958333333324
1 0.22193278741399033 0.6503906249999999 0.08565826882645254 0.05598958333333324
0 0.2241576775133787 0.6855468749999997 0.08565826882645254 0.05598958333333324
0 0.22193278741399033 0.7298177083333331 0.08565826882645254 0.05598958333333324
0 0.22304523246368455 0.7701822916666664 0.08565826882645254 0.05598958333333324
0 0.21859545226490776 0.8131510416666664 0.08565826882645254 0.05598958333333324
1 0.22638256761276707 0.8574218749999999 0.08565826882645254 0.05598958333333324
0 0.22304523246368455 0.8977864583333331 0.08565826882645254 0.05598958333333324
0 0.30870350129013713 0.5188802083333333 0.08565826882645254 0.05598958333333324
0 0.3075910562404429 0.4225260416666666 0.08565826882645254 0.05598958333333324
1 0.3087035012901371 0.37695312499999994 0.08565826882645254 0.05598958333333324
1 0.3087035012901371 0.33528645833333326 0.08565826882645254 0.05598958333333324
1 0.3098159463398312 0.2975260416666665 0.08565826882645254 0.05598958333333324
1 0.30647861119074865 0.2558593749999999 0.08565826882645254 0.05598958333333324
1 0.30759105624044286 0.4615885416666666 0.08565826882645254 0.05598958333333324
1 0.3087035012901371 0.5657552083333333 0.08565826882645254 0.05598958333333324
1 0.31092839138952544 0.607421875 0.08565826882645254 0.05598958333333324
1 0.31092839138952544 0.6490885416666667 0.08565826882645254 0.05598958333333324
1 0.3098159463398312 0.689453125 0.08565826882645254 0.05598958333333324
1 0.3109283913895254 0.7311197916666669 0.08565826882645254 0.05598958333333324
1 0.3098159463398312 0.7701822916666669 0.08565826882645254 0.05598958333333324
1 0.3098159463398312 0.7701822916666669 0.08565826882645254 0.05598958333333324
1 0.3109283913895254 0.8092447916666669 0.08565826882645254 0.05598958333333324
1 0.3109283913895254 0.8535156250000003 0.08565826882645254 0.05598958333333324
1 0.31315328148891375 0.9003906250000003 0.08565826882645254 0.05598958333333324
0 0.45888358299885257 0.8938802083333336 0.08565826882645254 0.05598958333333324
1 0.45888358299885257 0.8535156250000003 0.08565826882645254 0.05598958333333324
1 0.46110847309824093 0.8118489583333336 0.08565826882645254 0.05598958333333324
1 0.46555825329701767 0.7753906250000003 0.08565826882645254 0.05598958333333324
1 0.4644458082473235 0.7285156250000003 0.08565826882645254 0.05598958333333324
1 0.4644458082473235 0.6881510416666669 0.08565826882645254 0.05598958333333324
1 0.5456542968749993 0.6855468750000001 0.08565826882645254 0.05598958333333324
1 0.5445418518253051 0.7259114583333336 0.08565826882645254 0.05598958333333324
1 0.5456542968749993 0.7727864583333336 0.08565826882645254 0.05598958333333324
1 0.5467667419246935 0.8131510416666669 0.08565826882645254 0.05598958333333324
1 0.5456542968749993 0.8522135416666669 0.08565826882645254 0.05598958333333324
1 0.5478791869743879 0.8925781250000003 0.08565826882645254 0.05598958333333324
1 0.7013966038321859 0.6868489583333336 0.08565826882645254 0.05598958333333324
1 0.6969468236334094 0.728515625 0.08565826882645254 0.05598958333333324
1 0.6980592686831034 0.7701822916666669 0.08565826882645254 0.05598958333333324
1 0.7002841587824917 0.8118489583333336 0.08565826882645254 0.05598958333333324
1 0.7002841587824917 0.8574218750000003 0.08565826882645254 0.05598958333333324
0 0.6980592686831034 0.8925781250000003 0.08565826882645254 0.05598958333333324
0 0.7814926474101677 0.8925781250000003 0.08565826882645254 0.05598958333333324
1 0.7781553122610854 0.8483072916666669 0.08565826882645254 0.05598958333333324
1 0.7826050924598621 0.8092447916666669 0.08565826882645254 0.05598958333333324
1 0.7803802023604738 0.7662760416666669 0.08565826882645254 0.05598958333333324
1 0.7792677573107796 0.7259114583333336 0.08565826882645254 0.05598958333333324
1 0.7826050924598621 0.6881510416666669 0.08565826882645254 0.05598958333333324
1 0.9383473994170484 0.6230468750000003 0.08565826882645254 0.05598958333333324
1 0.9372349543673542 0.6582031250000003 0.08565826882645254 0.05598958333333324
1 0.9394598444667426 0.7024739583333336 0.08565826882645254 0.05598958333333324
1 0.9372349543673542 0.7415364583333336 0.08565826882645254 0.05598958333333324
1 0.9338976192182719 0.7832031250000003 0.08565826882645254 0.05598958333333324
1 0.9350100642679661 0.8274739583333336 0.08565826882645254 0.05598958333333324
0 0.9322289516437305 0.8678385416666663 0.10012005447247746 0.05598958333333324
0 0.06062825520833306 0.8014322916666669 0.08565826882645254 0.05598958333333324
0 0.06285314530772142 0.7623697916666669 0.08565826882645254 0.05598958333333324
0 0.066190480456804 0.7246093750000003 0.08565826882645254 0.05598958333333324
0 0.06396559035741561 0.6803385416666669 0.08565826882645254 0.05598958333333324
1 0.06174070025802724 0.6425781250000003 0.08565826882645254 0.05598958333333324
0 0.06285314530772142 0.6009114583333337 0.08565826882645254 0.05598958333333324
1 0.06062825520833306 0.5592447916666671 0.08565826882645254 0.05598958333333324
1 0.06062825520833306 0.5214843750000004 0.08565826882645254 0.05598958333333324
0 0.06062825520833306 0.4537760416666671 0.08565826882645254 0.05598958333333324
1 0.05951581015863886 0.4147135416666671 0.08565826882645254 0.05598958333333324
1 0.05840336510894467 0.3717447916666671 0.08565826882645254 0.05598958333333324
1 0.057290920059250475 0.33398437500000044 0.08565826882645254 0.05598958333333324
1 0.05840336510894467 0.29752604166666713 0.08565826882645254 0.05598958333333324
1 0.05951581015863886 0.25716145833333376 0.08565826882645254 0.05598958333333324
1 0.46333336319762963 0.1868489583333338 0.08565826882645254 0.05598958333333324
1 0.46333336319762963 0.22981770833333376 0.08565826882645254 0.05598958333333324
1 0.46555825329701805 0.26757812500000044 0.08565826882645254 0.05598958333333324
1 0.46667069834671215 0.31054687500000044 0.08565826882645254 0.05598958333333324
1 0.46555825329701794 0.3522135416666671 0.08565826882645254 0.05598958333333324
1 0.46555825329701794 0.3938802083333337 0.08565826882645254 0.05598958333333324
1 0.4772389263188063 0.49283854166666685 0.05339736238532122 0.09505208333333309
1 0.5117247228593261 0.4941406250000002 0.05339736238532122 0.09505208333333309
1 0.5450980743501518 0.4915364583333336 0.05339736238532122 0.09505208333333309
1 0.5795838708906716 0.4915364583333336 0.05339736238532122 0.09505208333333309
1 0.6151821124808857 0.4902343750000003 0.05339736238532122 0.09505208333333309
1 0.651892799120794 0.4915364583333336 0.05339736238532122 0.09505208333333309
1 0.687491040711008 0.4876302083333336 0.05339736238532122 0.09505208333333309
1 0.7208643922018336 0.4863281250000003 0.05339736238532122 0.09505208333333309
1 0.757575078841742 0.4876302083333336 0.05339736238532122 0.09505208333333309
1 0.7931733204319562 0.4876302083333336 0.05339736238532122 0.09505208333333309
1 0.8276591169724761 0.4876302083333336 0.05339736238532122 0.09505208333333309
1 0.8610324684633016 0.48502604166666685 0.05339736238532122 0.09505208333333309
0 0.5606723050458705 0.3899739583333336 0.05339736238532122 0.09505208333333309
1 0.5951581015863904 0.3925781250000002 0.05339736238532122 0.09505208333333309
0 0.6263065629778277 0.3912760416666669 0.05339736238532122 0.09505208333333309
1 0.6619048045680418 0.3951822916666669 0.05339736238532122 0.09505208333333309
1 0.6986154912079501 0.3925781250000002 0.05339736238532122 0.09505208333333309
1 0.7319888426987756 0.3925781250000002 0.05339736238532122 0.09505208333333309
1 0.7753741996368491 0.3860677083333336 0.05339736238532122 0.09505208333333309
0 0.8031853258792039 0.3886718750000002 0.05339736238532122 0.09505208333333309
1 0.8432333476681946 0.3899739583333336 0.05339736238532122 0.09505208333333309
0 0.8766066991590202 0.3899739583333336 0.05339736238532122 0.09505208333333309
1 0.9144298308486226 0.3873697916666669 0.05339736238532122 0.09505208333333309
1 0.546210519399846 0.18554687500000025 0.05339736238532122 0.09505208333333309
0 0.5806963159403659 0.18424479166666688 0.05339736238532122 0.09505208333333309
0 0.6151821124808857 0.18945312500000025 0.05339736238532122 0.09505208333333309
1 0.6452181288226287 0.1868489583333336 0.05339736238532122 0.09505208333333309
0 0.6830412605122312 0.18815104166666693 0.05339736238532122 0.09505208333333309
0 0.7219768372515278 0.19205729166666693 0.05339736238532122 0.09505208333333309
