1 0.08106960950764003 0.3420708841745605 0.09083191850594224 0.36785512167515544
1 0.13115449915110353 0.33519508750773513 0.09083191850594224 0.36785512167515544
1 0.17444821731748725 0.3420708841745605 0.09083191850594224 0.36785512167515544
1 0.22792869269949065 0.33519508750773513 0.09083191850594224 0.36785512167515544
1 0.27716468590831916 0.3248813925074971 0.09083191850594224 0.36785512167515544
0 0.08022071307300507 0.5999132591805107 0.09083191850594224 0.36785512167515544
1 0.13115449915110353 0.6067890558473361 0.09083191850594224 0.36785512167515544
1 0.1786926994906621 0.5999132591805107 0.09083191850594224 0.36785512167515544
0 0.22368421052631576 0.5999132591805107 0.09083191850594224 0.36785512167515544
0 0.37224108658743627 0.5964753608470982 0.09083191850594224 0.36785512167515544
1 0.42147707979626475 0.5895995641802727 0.09083191850594224 0.36785512167515544
1 0.4707130730050933 0.5827237675134473 0.09083191850594224 0.36785512167515544
0 0.5301358234295416 0.5792858691800347 0.09083191850594224 0.36785512167515544
1 0.5785229202037351 0.5689721741797966 0.09083191850594224 0.36785512167515544
0 0.6235144312393888 0.5792858691800347 0.09083191850594224 0.36785512167515544
0 0.6769949066213922 0.5724100725132094 0.09083191850594224 0.36785512167515544
0 0.7304753820033956 0.5724100725132094 0.09083191850594224 0.36785512167515544
0 0.7686757215619696 0.5689721741797966 0.09083191850594224 0.36785512167515544
0 0.817911714770798 0.5620963775129714 0.09083191850594224 0.36785512167515544
0 0.817911714770798 0.5620963775129714 0.09083191850594224 0.36785512167515544
0 0.8662988115449916 0.5620963775129714 0.09083191850594224 0.36785512167515544
0 0.9155348047538202 0.5483447841793208 0.09083191850594224 0.36785512167515544
0 0.4274193548387098 0.30769190084043385 0.09083191850594224 0.36785512167515544
1 0.4749575551782684 0.31456769750725927 0.09083191850594224 0.36785512167515544
1 0.524193548387097 0.3042540025070213 0.09083191850594224 0.36785512167515544
1 0.5742784380305604 0.3042540025070213 0.09083191850594224 0.36785512167515544
1 0.6184210526315791 0.30081610417360855 0.09083191850594224 0.36785512167515544
0 0.6702037351443128 0.30081610417360855 0.09083191850594224 0.36785512167515544
0 0.7202886247877764 0.29050240917337056 0.09083191850594224 0.36785512167515544
0 0.7712224108658748 0.2733129175063072 0.09083191850594224 0.36785512167515544
0 0.8170628183361633 0.2733129175063072 0.09083191850594224 0.36785512167515544
0 0.8654499151103571 0.2733129175063072 0.09083191850594224 0.36785512167515544
0 0.9129881154499156 0.28018871417313257 0.09083191850594224 0.36785512167515544
