0 0.03826311263972485 0.6230282185570235 0.05073086844368014 0.37229735011334336
1 0.07695614789337919 0.6230282185570235 0.05073086844368014 0.37229735011334336
0 0.11564918314703354 0.6306261236613774 0.05073086844368014 0.37229735011334336
1 0.15692175408426484 0.6306261236613774 0.05073086844368014 0.37229735011334336
0 0.19604471195184858 0.6515203626983503 0.04643164230438521 0.406487923082936
0 0.23387790197764388 0.6325255999374653 0.049871023215821146 0.38369420776987395
0 0.27515047291487515 0.6477214101461732 0.049871023215821146 0.38369420776987395
1 0.31642304385210646 0.6515203626983501 0.049871023215821146 0.38369420776987395
1 0.3533963886500428 0.6439224575939962 0.049871023215821146 0.38369420776987395
0 0.39122957867583813 0.6743140780114121 0.049871023215821146 0.38369420776987395
0 0.4290627687016335 0.6857109356679431 0.049871023215821146 0.38369420776987395
0 0.4677558039552878 0.6857109356679431 0.049871023215821146 0.38369420776987395
1 0.5107480653482371 0.678113030563589 0.049871023215821146 0.38369420776987395
1 0.5485812553740326 0.6857109356679431 0.049871023215821146 0.38369420776987395
1 0.5898538263112638 0.6895098882201198 0.049871023215821146 0.38369420776987395
0 0.6268271711092 0.6895098882201198 0.049871023215821146 0.38369420776987395
0 0.6663800515907136 0.7009067458766506 0.049871023215821146 0.38369420776987395
1 0.7076526225279447 0.6895098882201198 0.049871023215821146 0.38369420776987395
0 0.7446259673258812 0.6933088407722967 0.049871023215821146 0.38369420776987395
1 0.7815993121238175 0.7009067458766506 0.049871023215821146 0.38369420776987395
0 0.8271711092003438 0.7009067458766506 0.049871023215821146 0.38369420776987395
0 0.861564918314703 0.7085046509810047 0.049871023215821146 0.38369420776987395
0 0.8976784178847805 0.7161025560853586 0.049871023215821146 0.38369420776987395
1 0.9380911435941526 0.7123036035331816 0.049871023215821146 0.38369420776987395
1 0.9398108340498706 0.38939263659813905 0.049871023215821146 0.38369420776987395
0 0.9045571797076523 0.37419682638943114 0.049871023215821146 0.38369420776987395
0 0.8658641444539978 0.36279996873290016 0.049871023215821146 0.38369420776987395
1 0.8245915735167665 0.3703978738372541 0.049871023215821146 0.38369420776987395
1 0.788478073946689 0.3703978738372541 0.049871023215821146 0.38369420776987395
1 0.7489251934651757 0.36659892128507715 0.049871023215821146 0.38369420776987395
1 0.7076526225279446 0.36279996873290016 0.049871023215821146 0.38369420776987395
1 0.6294067067927768 0.3476041585241923 0.049871023215821146 0.38369420776987395
0 0.6698194325021491 0.3590010161807233 0.049871023215821146 0.38369420776987395
1 0.5881341358555455 0.3476041585241923 0.049871023215821146 0.38369420776987395
0 0.5511607910576091 0.3172125381067765 0.049871023215821146 0.42928163839599764
0 0.5107480653482368 0.3324083483154844 0.049871023215821146 0.38369420776987395
1 0.4720550300945825 0.32860939576330744 0.049871023215821146 0.38369420776987395
1 0.4307824591573512 0.32481044321113045 0.049871023215821146 0.38369420776987395
0 0.3903697334479789 0.32481044321113045 0.049871023215821146 0.38369420776987395
1 0.35167669819432446 0.32481044321113045 0.049871023215821146 0.38369420776987395
1 0.31728288907996505 0.32481044321113045 0.049871023215821146 0.38369420776987395
1 0.2734307824591568 0.32481044321113045 0.049871023215821146 0.38369420776987395
1 0.23903697334479737 0.3096146330024226 0.049871023215821146 0.38369420776987395
0 0.20034393809114304 0.3058156804502456 0.049871023215821146 0.38369420776987395
1 0.1547721410146168 0.3096146330024226 0.049871023215821146 0.38369420776987395
0 0.11951848667239841 0.29821777534589167 0.049871023215821146 0.38369420776987395
1 0.07996560619088507 0.2944188227937147 0.049871023215821146 0.38369420776987395
0 0.03783319002579479 0.29061987024153774 0.049871023215821146 0.38369420776987395
