1 0.06509351256575104 0.6936274509803924 0.02807955444012789 0.269607843137255
1 0.08721679788221542 0.7083333333333336 0.02807955444012789 0.269607843137255
1 0.10848918760958505 0.7034313725490199 0.02807955444012789 0.269607843137255
1 0.12891068174785988 0.6985294117647062 0.02807955444012789 0.269607843137255
0 0.1501830714752295 0.6936274509803924 0.02807955444012789 0.269607843137255
0 0.17145546120259905 0.6789215686274512 0.02807955444012789 0.2794117647058826
1 0.19272785092996866 0.6789215686274512 0.02807955444012789 0.2794117647058826
0 0.21314934506824346 0.6789215686274512 0.02807955444012789 0.2794117647058826
0 0.24633427304294006 0.6691176470588239 0.02807955444012789 0.2794117647058826
0 0.2727120363048784 0.6691176470588239 0.02807955444012789 0.2794117647058826
0 0.3033442775122905 0.6544117647058827 0.02807955444012788 0.3088235294117651
0 0.32206398047237594 0.6691176470588239 0.02807955444012789 0.2794117647058826
1 0.3416345790215561 0.6838235294117649 0.02807955444012789 0.2794117647058826
0 0.36035428198164127 0.6691176470588239 0.02807955444012789 0.2794117647058826
1 0.3782230893526318 0.6593137254901964 0.02807955444012789 0.2794117647058826
1 0.3986445834909066 0.6691176470588239 0.02807955444012789 0.2794117647058826
1 0.4165133908618971 0.6593137254901964 0.02807955444012789 0.2794117647058826
0 0.43693488500017197 0.6495098039215691 0.02807955444012789 0.2794117647058826
1 0.4896904115240486 0.6691176470588239 0.02807955444012789 0.2794117647058826
0 0.5101119056623232 0.6348039215686281 0.028079554440127864 0.3578431372549028
0 0.5645692233643895 0.649509803921569 0.02807955444012789 0.2794117647058826
1 0.597754151339086 0.6642156862745101 0.02807955444012789 0.2794117647058826
1 0.6164738542991713 0.6789215686274513 0.02807955444012789 0.2794117647058826
0 0.6368953484374462 0.6544117647058827 0.02807955444012789 0.2794117647058826
0 0.657316842575721 0.6446078431372553 0.02807955444012789 0.2794117647058826
0 0.6751856499467115 0.6397058823529417 0.02807955444012789 0.2794117647058826
0 0.6947562484958916 0.6446078431372553 0.02807955444012789 0.2794117647058826
0 0.7253884897033038 0.6299019607843143 0.02807955444012789 0.2794117647058826
0 0.7492135661979578 0.6348039215686279 0.02807955444012789 0.2794117647058826
0 0.7875038677072231 0.6397058823529417 0.02807955444012789 0.2794117647058826
0 0.8096271530236875 0.6446078431372553 0.02807955444012789 0.2794117647058826
0 0.8300486471619624 0.6446078431372553 0.02807955444012789 0.2794117647058826
0 0.8496192457111423 0.6446078431372553 0.02807955444012789 0.2794117647058826
1 0.8700407398494172 0.6348039215686279 0.02807955444012789 0.2794117647058826
0 0.8921640251658816 0.6446078431372553 0.02807955444012789 0.2794117647058826
1 0.9134364148932513 0.6397058823529417 0.02807955444012789 0.2794117647058826
1 0.9330070134424314 0.6593137254901965 0.02807955444012789 0.2794117647058826
1 0.6394480352047308 0.3063725490196083 0.02807955444012789 0.2794117647058826
1 0.08126052875855194 0.35049019607843157 0.02807955444012789 0.269607843137255
1 0.09998023171863718 0.3455882352941178 0.02807955444012789 0.269607843137255
1 0.11955083026781725 0.3455882352941178 0.02807955444012789 0.269607843137255
1 0.13571784646061816 0.3455882352941178 0.02807955444012789 0.269607843137255
1 0.156139340598893 0.3406862745098041 0.02807955444012789 0.269607843137255
0 0.1731572523807887 0.3357843137254904 0.02807955444012789 0.269607843137255
1 0.19187695534087396 0.3406862745098041 0.02807955444012789 0.269607843137255
0 0.30249338192319597 0.3308823529411767 0.02807955444012789 0.269607843137255
1 0.322063980472376 0.3259803921568629 0.02807955444012789 0.269607843137255
0 0.35865249080345174 0.31617647058823545 0.02807955444012789 0.269607843137255
1 0.3773721937635371 0.32107843137254916 0.02807955444012789 0.269607843137255
1 0.41566249527280236 0.32107843137254916 0.02807955444012789 0.269607843137255
1 0.5824380307353801 0.30637254901960803 0.02807955444012789 0.269607843137255
1 0.6581677381648159 0.30637254901960803 0.02807955444012789 0.269607843137255
0 0.6743347543576168 0.30147058823529427 0.02807955444012789 0.269607843137255
1 0.7492135661979579 0.3357843137254904 0.02807955444012789 0.269607843137255
1 0.7253884897033044 0.33578431372549034 0.03148313679650723 0.269607843137255
0 0.7934601368308869 0.3014705882352946 0.02807955444012789 0.2794117647058826
1 0.828346855983773 0.3161764705882358 0.02807955444012789 0.2794117647058826
1 0.8453647677656688 0.311274509803922 0.02807955444012789 0.2794117647058826
0 0.8632335751366592 0.3014705882352946 0.02807955444012789 0.2794117647058826
1 0.8819532780967445 0.3014705882352946 0.02807955444012789 0.2794117647058826
1 0.9015238766459245 0.3014705882352946 0.02807955444012789 0.2794117647058826
1 0.9185417884278202 0.311274509803922 0.02807955444012789 0.2794117647058826
1 0.9364105957988107 0.2965686274509809 0.02807955444012789 0.2794117647058826
