1 0.21829448221049774 0.2330729166666668 0.11671190137987 0.16927083333333337
1 0.26757284057088737 0.23567708333333343 0.11671190137987 0.16927083333333337
1 0.3272255901650432 0.23958333333333343 0.11671190137987 0.16927083333333337
1 0.3825556767451298 0.24218750000000008 0.11671190137987 0.16927083333333337
0 0.43269856770833326 0.24609375000000008 0.11671190137987 0.16927083333333337
0 0.4897577194940476 0.2591145833333334 0.11671190137987 0.16927083333333337
1 0.5450878060741341 0.2591145833333334 0.11671190137987 0.16927083333333337
1 0.6073341534767317 0.25781250000000006 0.11671190137987 0.16927083333333337
1 0.3064768076975108 0.7057291666666667 0.11671190137987 0.16927083333333337
0 0.7024327397862554 0.2708333333333334 0.11671190137987 0.16927083333333337
0 0.7499820329410173 0.2669270833333334 0.11671190137987 0.16927083333333337
0 0.8053121195211039 0.2708333333333334 0.11671190137987 0.16927083333333337
0 0.6540189140286798 0.26953125000000006 0.11671190137987 0.16927083333333337
1 0.2105136887851733 0.3880208333333334 0.11671190137987 0.16927083333333337
1 0.2675728405708876 0.38671875000000017 0.11671190137987 0.16927083333333337
0 0.31944479673971876 0.38281250000000017 0.11671190137987 0.16927083333333337
1 0.3808266115395023 0.3880208333333334 0.11671190137987 0.16927083333333337
0 0.4326985677083335 0.39322916666666674 0.11671190137987 0.16927083333333337
0 0.4862995890827923 0.39713541666666674 0.11671190137987 0.16927083333333337
1 0.5424942082656927 0.39713541666666674 0.11671190137987 0.16927083333333337
1 0.5960952296401516 0.40234375000000017 0.11671190137987 0.16927083333333337
0 0.6557479792343075 0.40234375000000017 0.11671190137987 0.16927083333333337
0 0.7024327397862555 0.40494791666666674 0.11671190137987 0.16927083333333337
0 0.7586273589691558 0.40625000000000017 0.11671190137987 0.16927083333333337
1 0.8053121195211038 0.4075520833333334 0.11671190137987 0.16927083333333337
0 0.8463774181547621 0.41145833333333337 0.09509858630952309 0.16927083333333326
0 0.8537259452786798 0.2643229166666667 0.10633751014610335 0.1692708333333333
1 0.3618068942775973 0.7083333333333333 0.11671190137987 0.16927083333333337
1 0.4205951112689393 0.7109375 0.11671190137987 0.16927083333333337
1 0.469008937026515 0.7200520833333333 0.11671190137987 0.16927083333333337
0 0.5156936975784631 0.71484375 0.11671190137987 0.16927083333333337
1 0.5701592515557359 0.72265625 0.11671190137987 0.16927083333333337
0 0.6237602729301946 0.7291666666666667 0.11671190137987 0.16927083333333337
0 0.6834130225243505 0.7317708333333336 0.11671190137987 0.16927083333333337
1 0.7378785765016234 0.7369791666666669 0.11671190137987 0.16927083333333337
0 0.7914795978760822 0.7343750000000001 0.11671190137987 0.16927083333333337
0 0.8528614126758657 0.736979166666666 0.11671190137987042 0.169270833333333
0 0.29956054687499994 0.8372395833333333 0.11671190137987 0.16927083333333337
1 0.3592132964691558 0.8554687499999999 0.11671190137987 0.16927083333333337
0 0.41800151346049774 0.8554687499999999 0.11671190137987 0.16927083333333337
0 0.47246706743777056 0.8606770833333333 0.11671190137987 0.16927083333333337
0 0.5252035562094155 0.8632812499999999 0.11671190137987 0.16927083333333337
1 0.5762109797754329 0.8658854166666665 0.11671190137987 0.16927083333333337
0 0.628947468547078 0.8645833333333333 0.11671190137987 0.16927083333333337
1 0.6825484899215368 0.8658854166666665 0.11671190137987 0.16927083333333337
0 0.7300977830762986 0.8697916666666665 0.11671190137987 0.16927083333333337
0 0.7888860000676406 0.8684895833333333 0.11671190137987 0.16927083333333337
1 0.845945151853355 0.8749999999999997 0.11325377096861455 0.1692708333333333
