0 0.1065071944131983 0.38411458333333365 0.11994985001874739 0.1927083333333339
0 0.1096093457067866 0.4713541666666669 0.11994985001874739 0.1927083333333339
0 0.1096093457067866 0.5546875000000002 0.11994985001874739 0.1927083333333339
0 0.113745547431571 0.6510416666666669 0.11994985001874739 0.1927083333333339
1 0.11684769872515931 0.7356770833333335 0.11994985001874739 0.1927083333333339
1 0.38259865954255695 0.6979166666666664 0.13856275778027677 0.1927083333333338
1 0.38570081083614527 0.7955729166666664 0.13856275778027677 0.1927083333333338
0 0.38673486126734097 0.8730468750000001 0.1385627577802767 0.16015624999999967
0 0.37846245781777177 0.604166666666667 0.1385627577802767 0.17968749999999928
0 0.3774284073865757 0.514322916666667 0.1385627577802767 0.17968749999999928
0 0.37846245781777177 0.4231770833333337 0.1385627577802767 0.17968749999999928
0 0.3774284073865757 0.3385416666666671 0.1385627577802767 0.17968749999999928
0 0.3774284073865757 0.2447916666666671 0.1385627577802767 0.17968749999999928
0 0.4829015513685778 0.2213541666666671 0.1385627577802767 0.17968749999999928
0 0.48962287917135244 0.31510416666666685 0.15407351424821816 0.1796874999999992
1 0.485486677446568 0.40104166666666685 0.15407351424821816 0.1796874999999992
0 0.48962287917135233 0.4908854166666668 0.15407351424821816 0.1796874999999992
1 0.4947931313273329 0.5846354166666667 0.15407351424821816 0.1796874999999992
1 0.4937590808961368 0.6731770833333335 0.15407351424821816 0.1796874999999992
1 0.48962287917135233 0.7591145833333335 0.15407351424821816 0.1796874999999992
1 0.4906569296025484 0.84375 0.15407351424821816 0.1796874999999992
0 0.7067734697225334 0.21093750000000014 0.15407351424821816 0.1796874999999992
0 0.7098756210161217 0.30078125000000017 0.15407351424821816 0.1796874999999992
0 0.7140118227409061 0.39322916666666685 0.15407351424821816 0.1796874999999992
1 0.7150458731721022 0.4817708333333334 0.15407351424821816 0.1796874999999992
1 0.7160799236032983 0.5768229166666667 0.15407351424821816 0.1796874999999992
1 0.7171139740344944 0.6653645833333335 0.15407351424821816 0.1796874999999992
1 0.7212501757592789 0.7513020833333335 0.15407351424821816 0.1796874999999992
1 0.7181480244656905 0.84375 0.15407351424821816 0.1796874999999992
1 0.8137976893513289 0.863281249999999 0.14476706036745268 0.16145833333333232
1 0.8096614876265439 0.77734375 0.14476706036745307 0.17708333333333312
1 0.81069553805774 0.6888020833333335 0.14063085864266875 0.17708333333333295
1 0.8112125632733386 0.592447916666667 0.13959680821147194 0.17708333333333295
1 0.812246613704534 0.513020833333333 0.13752870734908054 0.17708333333333295
1 0.8939365977690289 0.8261718749999999 0.005170252155980535 0.00390625
1 0.8153487649981223 0.4179687499999997 0.13752870734908054 0.17708333333333293
1 0.8132806641357301 0.33072916666666635 0.13752870734908054 0.17708333333333293
0 0.8070763615485538 0.24414062499999958 0.13752870734908057 0.15755208333333276
