0 0.14740088996763753 0.28515624999999983 0.11055066747572823 0.10677083333333327
0 0.1552315622471682 0.365234375 0.10778690078883493 0.11067708333333325
0 0.16352286230784777 0.4381510416666666 0.10778690078883493 0.11067708333333325
0 0.17734169574231382 0.5058593749999999 0.10778690078883493 0.11067708333333325
0 0.1902392736144821 0.5774739583333333 0.10778690078883493 0.11067708333333325
0 0.20313685148665037 0.6438802083333333 0.10778690078883493 0.11067708333333325
0 0.2141919182342232 0.7154947916666665 0.10778690078883493 0.11067708333333325
0 0.2280107516686892 0.783203125 0.10778690078883493 0.11067708333333325
0 0.24090832954085745 0.849609375 0.10778690078883493 0.11067708333333325
0 0.367120341575647 0.30078125000000017 0.10778690078883497 0.09374999999999996
0 0.10179873963389953 0.6100260416666667 0.10778690078883493 0.11067708333333325
0 0.11377506194377009 0.6790364583333335 0.10778690078883493 0.11067708333333325
0 0.1275938953782361 0.751953125 0.10778690078883493 0.11067708333333325
0 0.1386489621258089 0.822265625 0.10778690078883493 0.11067708333333325
0 0.14786151774878625 0.8977864583333335 0.10778690078883493 0.11067708333333325
0 0.15523156224716814 0.9446614583333331 0.10778690078883493 0.11067708333333325
0 0.46891908120954684 0.9140624999999997 0.09765308960356006 0.10677083333333327
0 0.45602150333737845 0.8567708333333331 0.09765308960356006 0.10677083333333327
0 0.4468089477144011 0.7851562499999997 0.09765308960356006 0.10677083333333327
0 0.4412814143406147 0.7278645833333331 0.09765308960356006 0.10677083333333327
0 0.43022634759304185 0.6614583333333331 0.09765308960356006 0.10677083333333327
0 0.4205531641889158 0.5963541666666665 0.10041685629045319 0.1067708333333332
0 0.4104193530036407 0.5351562499999999 0.10041685629045319 0.1067708333333332
0 0.4012067973806633 0.47265624999999983 0.10041685629045319 0.1067708333333332
0 0.38646670838389957 0.41406249999999983 0.10041685629045319 0.1067708333333332
0 0.3809391750101132 0.34895833333333315 0.10041685629045319 0.1067708333333332
1 0.4776710090513753 0.37499999999999983 0.10041685629045319 0.1067708333333332
0 0.48872607579894806 0.44270833333333315 0.10041685629045319 0.1067708333333332
1 0.4988598869842232 0.4986979166666665 0.10041685629045319 0.1067708333333332
1 0.5080724426072005 0.5585937499999999 0.10041685629045319 0.1067708333333332
0 0.5228125316039642 0.6249999999999999 0.10041685629045319 0.1067708333333332
0 0.5329463427892392 0.6874999999999999 0.10041685629045319 0.1067708333333332
1 0.5522927095974917 0.7473958333333335 0.10041685629045319 0.1067708333333332
1 0.5633477763450645 0.8059895833333335 0.10041685629045319 0.1067708333333332
1 0.5679540541565532 0.8671875 0.10041685629045319 0.1067708333333332
0 0.7678665111751616 0.7942708333333335 0.10041685629045319 0.1067708333333332
0 0.7568114444275886 0.703125 0.10041685629045319 0.1067708333333332
0 0.7522051666160999 0.6510416666666667 0.10041685629045319 0.1067708333333332
1 0.7448351221177183 0.5963541666666667 0.10041685629045319 0.1067708333333332
1 0.7264100108717634 0.5429687500000001 0.10041685629045319 0.1067708333333332
1 0.7171974552487862 0.48307291666666674 0.10041685629045319 0.1067708333333332
0 0.8360394227851938 0.5358072916666669 0.10041685629045316 0.09765624999999979
0 0.8498582562196598 0.6022135416666667 0.1004168562904531 0.11067708333333312
0 0.859992067404935 0.6673177083333335 0.10041685629045316 0.09765624999999979
