1 0.0696474634565778 0.6382778607941185 0.04299226139294921 0.2678487451546746
0 0.10662080825451416 0.6525251344725587 0.04299226139294921 0.2678487451546746
0 0.13929492691315556 0.6482509523690269 0.042992261392949205 0.2820960188331149
0 0.172828890799656 0.6482509523690269 0.042992261392949205 0.2820960188331149
1 0.2098022355975924 0.6454014976333389 0.042992261392949205 0.2820960188331149
1 0.24161650902837487 0.6539498618404029 0.042992261392949205 0.2820960188331149
0 0.2803095442820292 0.662498226047467 0.042992261392949205 0.2820960188331149
1 0.31384350816852963 0.6539498618404029 0.042992261392949205 0.2820960188331149
1 0.35038693035253643 0.6539498618404029 0.045571797076526165 0.2820960188331149
1 0.3856405846947548 0.6539498618404029 0.045571797076526165 0.2820960188331149
1 0.42175408426483224 0.6511004071047148 0.045571797076526165 0.2820960188331149
1 0.4578675838349096 0.659648771311779 0.045571797076526165 0.2820960188331149
1 0.4931212381771281 0.6624982260474671 0.045571797076526165 0.2820960188331149
0 0.5300945829750644 0.659648771311779 0.045571797076526165 0.2820960188331149
1 0.6031814273430782 0.659648771311779 0.045571797076526165 0.2820960188331149
1 0.5679277730008598 0.6539498618404029 0.045571797076526165 0.2820960188331149
1 0.6384350816852966 0.659648771311779 0.045571797076526165 0.2820960188331149
1 0.674548581255374 0.6653476807831551 0.045571797076526165 0.2820960188331149
1 0.7141014617368873 0.6681971355188432 0.045571797076526165 0.2820960188331149
1 0.7484952708512468 0.659648771311779 0.045571797076526165 0.2820960188331149
1 0.7846087704213243 0.659648771311779 0.045571797076526165 0.2820960188331149
1 0.8215821152192606 0.659648771311779 0.045571797076526165 0.2820960188331149
0 0.8576956147893375 0.6810196818294391 0.045571797076526165 0.3134400209256837
0 0.8946689595872739 0.6667724081509988 0.045571797076526165 0.29064438304017937
1 0.892949269131556 0.4188698461461403 0.045571797076526165 0.29064438304017937
0 0.9316423043852106 0.43026766508889236 0.045571797076526165 0.3077411114543076
0 0.8559759243336198 0.42314402824967223 0.045571797076526165 0.29349383777586735
0 0.8215821152192604 0.41744511877829615 0.045571797076526165 0.29349383777586735
1 0.7828890799656061 0.4202945735139842 0.045571797076526165 0.29349383777586735
0 0.7484952708512467 0.4088967545712321 0.045571797076526165 0.29349383777586735
1 0.7123817712811692 0.4088967545712321 0.045571797076526165 0.29349383777586735
1 0.6771281169389506 0.40604729983554405 0.045571797076526165 0.29349383777586735
1 0.6410146173688731 0.41174620930692013 0.045571797076526165 0.29349383777586735
1 0.6049011177987957 0.4202945735139842 0.045571797076526165 0.29349383777586735
1 0.5687876182287185 0.41744511877829615 0.045571797076526165 0.29349383777586735
1 0.5335339638865001 0.4088967545712321 0.045571797076526165 0.29349383777586735
1 0.4957007738607047 0.41744511877829615 0.045571797076526165 0.29349383777586735
1 0.4587274290627684 0.4145956640426081 0.045571797076526165 0.29349383777586735
0 0.42691315563198595 0.4117462093069201 0.045571797076526165 0.29349383777586735
1 0.3847807394668956 0.40889675457123204 0.045571797076526165 0.29349383777586735
0 0.34866723989681825 0.41744511877829615 0.045571797076526165 0.29349383777586735
0 0.3125537403267408 0.4145956640426081 0.045571797076526165 0.29349383777586735
0 0.28159931212381734 0.40034839036416797 0.045571797076526165 0.29349383777586735
0 0.242046431642304 0.40034839036416797 0.045571797076526165 0.29349383777586735
0 0.20937231298366255 0.3946494808927919 0.045571797076526165 0.29349383777586735
