0 0.6675160944206007 0.19661458333333337 0.28254649499284695 0.15104166666666669
0 0.6516228540772526 0.27148437499999994 0.30020565092989976 0.1419270833333333
0 0.6304318669527893 0.3391927083333332 0.29314198855507867 0.1419270833333333
0 0.6039431330472099 0.4055989583333328 0.33199213161659524 0.14192708333333323
0 0.5862839771101567 0.4772135416666663 0.339055793991416 0.14192708333333315
0 0.5898158082975673 0.5371093749999996 0.339055793991416 0.14192708333333315
0 0.5792203147353355 0.6100260416666662 0.339055793991416 0.14192708333333315
0 0.5650929899856931 0.675130208333333 0.339055793991416 0.14192708333333315
0 0.5509656652360508 0.737630208333333 0.339055793991416 0.14192708333333315
0 0.5686248211731036 0.7988281249999997 0.33905579399141594 0.11328124999999957
0 0.36907635908440556 0.20572916666666657 0.3002056509298997 0.13541666666666657
0 0.35141720314735264 0.27083333333333326 0.3002056509298997 0.13541666666666657
0 0.3337580472102997 0.3333333333333332 0.3002056509298997 0.13541666666666657
0 0.29843973533619383 0.39843749999999983 0.3002056509298997 0.13541666666666657
0 0.3125670600858362 0.46093749999999983 0.3002056509298997 0.13541666666666657
1 0.2913760729613727 0.5377604166666665 0.3002056509298997 0.13541666666666657
1 0.30197156652360446 0.6054687499999999 0.3002056509298997 0.13541666666666657
0 0.2737169170243197 0.66796875 0.3002056509298997 0.13541666666666657
1 0.2666532546494986 0.7330729166666667 0.3002056509298997 0.13541666666666657
0 0.24899409871244568 0.8014322916666665 0.3002056509298997 0.12890625000000006
