0 0.18399362838409472 0.6458333333333333 0.06320722292724196 0.18229166666666657
1 0.23594477051607446 0.6458333333333333 0.06320722292724196 0.1822916666666666
1 0.2827007984348562 0.6484375 0.06320722292724196 0.1822916666666666
1 0.33465194056683584 0.6484375 0.06320722292724196 0.1822916666666666
0 0.38400552559221657 0.65234375 0.06320722292724196 0.1822916666666666
0 0.43249325824873097 0.6510416666666667 0.06320722292724196 0.1822916666666666
1 0.4844444003807106 0.6510416666666667 0.06320722292724196 0.1822916666666666
1 0.5320662806683587 0.6497395833333333 0.06320722292724196 0.1822916666666666
1 0.5796881609560068 0.65234375 0.06320722292724196 0.1822916666666666
1 0.6316393030879865 0.65234375 0.06320722292724196 0.1822916666666666
1 0.6809928881133672 0.6536458333333333 0.06320722292724196 0.1822916666666666
1 0.7312123255076142 0.6549479166666667 0.06320722292724196 0.1822916666666666
0 0.780565910532995 0.6536458333333333 0.06320722292724196 0.1822916666666666
1 0.6515539075719126 0.27734374999999994 0.0632072229272419 0.17187499999999975
1 0.6022003225465313 0.27473958333333337 0.06320722292724194 0.1692708333333333
1 0.5528467375211507 0.27734375 0.06320722292724196 0.1822916666666666
1 0.6991757878595607 0.2747395833333332 0.0632072229272419 0.17187499999999975
1 0.7467976681472088 0.27343749999999994 0.0632072229272419 0.17187499999999975
0 0.7970171055414558 0.2708333333333332 0.0632072229272419 0.17187499999999975
0 0.8481023953045691 0.26953124999999994 0.0632072229272419 0.17187499999999975
1 0.8957242755922171 0.2747395833333332 0.0632072229272419 0.17187499999999975
1 0.9476754177241966 0.27343749999999994 0.0632072229272419 0.17187499999999975
1 0.5034931524957702 0.2760416666666666 0.0632072229272419 0.17187499999999975
1 0.4532737151015231 0.2799479166666666 0.0632072229272419 0.17187499999999975
0 0.4065176871827414 0.2747395833333332 0.0632072229272419 0.17187499999999975
0 0.35456654505076174 0.2721354166666666 0.0632072229272419 0.17187499999999975
0 0.3043471076565147 0.27343749999999994 0.0632072229272419 0.17187499999999975
0 0.18572533312182773 0.8059895833333333 0.0632072229272419 0.17187499999999975
0 0.23767647525380742 0.80859375 0.0632072229272419 0.17187499999999975
1 0.28356665080372284 0.80859375 0.0632072229272419 0.17187499999999975
0 0.3363836453045686 0.7981770833333333 0.06320722292724185 0.20052083333333282
1 0.3831396732233506 0.8059895833333333 0.0632072229272419 0.17187499999999975
1 0.4333591106175976 0.8020833333333333 0.0632072229272419 0.17187499999999975
0 0.48357854801184463 0.8046875 0.0632072229272419 0.17187499999999975
1 0.5355296901438243 0.8020833333333333 0.0632072229272419 0.17187499999999975
0 0.5805540133248734 0.8033854166666667 0.0632072229272419 0.17187499999999975
0 0.6307734507191204 0.8046875 0.0632072229272419 0.17187499999999975
1 0.6801270357445012 0.8020833333333333 0.0632072229272419 0.17187499999999975
0 0.7260172112944164 0.80078125 0.0632072229272419 0.17187499999999975
0 0.7814317629018614 0.8046875 0.0632072229272419 0.17187499999999975
0 0.8342487574027075 0.8059895833333333 0.0632072229272419 0.17187499999999975
0 0.8853340471658209 0.8046875 0.0632072229272419 0.17187499999999975
