0 0.46734068627451 0.89453125 0.24978553921568625 0.04687500000000025
0 0.47942708333333345 0.85546875 0.24978553921568625 0.04687500000000025
0 0.47539828431372555 0.82421875 0.24978553921568625 0.04687500000000025
0 0.4874846813725492 0.7877604166666667 0.24978553921568625 0.04687500000000025
0 0.4834558823529413 0.7526041666666667 0.24978553921568625 0.04687500000000025
1 0.4834558823529413 0.7135416666666667 0.24978553921568625 0.04687500000000025
0 0.49554227941176476 0.6796875 0.24978553921568625 0.04687500000000025
1 0.4915134803921569 0.6419270833333333 0.24978553921568625 0.04687500000000025
0 0.47942708333333345 0.6015625 0.24978553921568625 0.04687500000000025
1 0.49554227941176476 0.5651041666666666 0.24978553921568625 0.04687500000000025
1 0.4915134803921569 0.5299479166666666 0.24978553921568625 0.04687500000000025
0 0.487484681372549 0.4921875 0.24978553921568625 0.04687500000000025
0 0.4915134803921569 0.45572916666666663 0.24978553921568625 0.04687500000000025
1 0.4915134803921569 0.41666666666666663 0.24978553921568625 0.04687500000000025
0 0.7050398284313727 0.8958333333333333 0.24978553921568625 0.04687500000000025
1 0.6969822303921569 0.8567708333333333 0.24978553921568625 0.04687500000000025
1 0.6929534313725491 0.82421875 0.24978553921568625 0.04687500000000025
0 0.6929534313725491 0.7877604166666667 0.24978553921568625 0.04687500000000025
0 0.6929534313725491 0.7513020833333333 0.24978553921568625 0.04687500000000025
1 0.6969822303921569 0.7109375 0.24978553921568625 0.04687500000000025
1 0.7010110294117647 0.6731770833333333 0.24978553921568625 0.04687500000000025
0 0.7050398284313727 0.640625 0.24978553921568625 0.04687500000000025
0 0.7171262254901961 0.6015625 0.24978553921568625 0.04687500000000025
0 0.7130974264705883 0.57421875 0.24978553921568625 0.04687500000000025
0 0.7130974264705883 0.5299479166666666 0.24978553921568625 0.04687500000000025
0 0.7130974264705883 0.49479166666666663 0.24978553921568625 0.04687500000000025
0 0.7130974264705883 0.45833333333333337 0.24978553921568625 0.04687500000000025
0 0.7130974264705883 0.41796875 0.24978553921568625 0.04687500000000025
1 0.7090686274509804 0.38151041666666663 0.24978553921568625 0.04687500000000025
1 0.7171262254901961 0.34765625 0.24978553921568625 0.04687500000000025
0 0.7130974264705883 0.30598958333333337 0.24978553921568625 0.04687500000000025
1 0.7171262254901961 0.2734375 0.24978553921568625 0.04687500000000025
0 0.721155024509804 0.23307291666666663 0.24978553921568625 0.04687500000000025
1 0.721155024509804 0.1966145833333333 0.24978553921568625 0.04687500000000025
0 0.7292126225490196 0.1627604166666666 0.24978553921568625 0.04687500000000025
1 0.7171262254901961 0.12239583333333327 0.24978553921568625 0.04687500000000025
0 0.7332414215686275 0.09114583333333327 0.24978553921568625 0.04687500000000025
