0 0.7088461821933962 0.06901041666666666 0.2890440742924528 0.04687499999999998
0 0.7088461821933962 0.10286458333333331 0.2890440742924528 0.04687499999999998
0 0.704258181014151 0.13671875 0.2890440742924528 0.04687499999999998
0 0.7088461821933962 0.16666666666666669 0.2890440742924528 0.04687499999999998
0 0.6904941774764152 0.19921875000000003 0.2890440742924528 0.04687499999999998
0 0.6859061762971698 0.23437500000000003 0.2890440742924528 0.04687499999999998
0 0.6904941774764152 0.27213541666666674 0.2890440742924528 0.04687499999999998
0 0.6675541715801887 0.30468750000000006 0.2890440742924528 0.04687499999999998
0 0.6629661704009435 0.33984375000000006 0.2890440742924528 0.04687499999999998
0 0.6629661704009435 0.36718750000000006 0.2890440742924528 0.04687499999999998
0 0.6123139003537735 0.43880208333333337 0.2890440742924528 0.04687499999999998
0 0.6354381633254716 0.40104166666666674 0.2890440742924528 0.04687499999999998
1 0.6216741597877359 0.46875000000000006 0.2890440742924528 0.04687499999999998
0 0.6308501621462264 0.5052083333333335 0.2890440742924528 0.04687499999999998
0 0.575794147995283 0.5364583333333334 0.2890440742924528 0.04687499999999998
0 0.5987341538915094 0.5677083333333334 0.2890440742924528 0.04687499999999998
0 0.6033221550707546 0.6341145833333334 0.2890440742924528 0.04687499999999998
1 0.5849701503537734 0.671875 0.2890440742924528 0.04687499999999998
0 0.575794147995283 0.7005208333333335 0.2890440742924528 0.04687499999999998
0 0.5574421432783018 0.7356770833333335 0.2890440742924528 0.04687499999999998
0 0.5941461527122641 0.7773437500000001 0.2890440742924528 0.04687499999999998
0 0.543678139740566 0.8151041666666667 0.2890440742924528 0.04687499999999998
0 0.5023861291273585 0.8528645833333335 0.2890440742924528 0.04687499999999998
0 0.4977981279481132 0.8893229166666667 0.2890440742924528 0.04687499999999998
0 0.23628206073113206 0.8437500000000001 0.2890440742924528 0.04687499999999998
0 0.23628206073113212 0.8007812500000001 0.2890440742924528 0.04687499999999998
0 0.19957805129716988 0.8802083333333335 0.2890440742924528 0.04687499999999998
0 0.2546340654481133 0.7669270833333335 0.2890440742924528 0.04687499999999998
0 0.2683980689858491 0.7304687500000001 0.2890440742924528 0.04687499999999998
0 0.2913380748820755 0.6914062500000001 0.2890440742924528 0.04687499999999998
0 0.2959260760613209 0.6575520833333335 0.2890440742924528 0.04687499999999998
0 0.3005140772405661 0.6250000000000001 0.2890440742924528 0.04687499999999998
0 0.3051020784198114 0.5677083333333334 0.2890440742924528 0.04687499999999998
0 0.3051020784198114 0.5598958333333334 0.2890440742924528 0.04687499999999998
0 0.3005140772405661 0.52734375 0.2890440742924528 0.04687499999999998
0 0.2959260760613209 0.48958333333333326 0.2890440742924528 0.04687499999999998
0 0.3051020784198114 0.46354166666666674 0.2890440742924528 0.04687499999999998
0 0.3051020784198114 0.43098958333333337 0.2890440742924528 0.04687499999999998
0 0.3005140772405661 0.39322916666666674 0.2890440742924528 0.04687499999999998
0 0.3280420843160378 0.36197916666666674 0.2890440742924528 0.04687499999999998
0 0.35557009139150947 0.32812500000000006 0.2890440742924528 0.04687499999999998
0 0.36474609375000006 0.29427083333333337 0.2890440742924528 0.04687499999999998
0 0.37392209610849064 0.19791666666666669 0.2890440742924528 0.04687499999999998
0 0.37392209610849064 0.22786458333333337 0.2890440742924528 0.04687499999999998
1 0.3785100972877359 0.26041666666666674 0.2890440742924528 0.04687499999999998
0 0.37392209610849064 0.16536458333333331 0.2890440742924528 0.04687499999999998
1 0.3922741008254718 0.12630208333333331 0.2890440742924528 0.04687499999999998
0 0.39686210200471705 0.09895833333333329 0.2890440742924528 0.04687499999999998
0 0.41980210790094347 0.062499999999999944 0.2890440742924528 0.04687499999999998
