1 0.05093756964120849 0.6832797427652733 0.05772924559336962 0.3762057877813504
1 0.09678138231829614 0.6832797427652733 0.05772924559336962 0.3762057877813504
1 0.1409272760073435 0.6929260450160771 0.05772924559336962 0.3762057877813504
0 0.18082837222629014 0.6832797427652731 0.05772924559336962 0.3762057877813504
1 0.2232763469272972 0.6897106109324757 0.05772924559336962 0.3762057877813504
0 0.26827120011036465 0.6929260450160771 0.05772924559336962 0.3762057877813504
0 0.31496397228147244 0.6897106109324757 0.05772924559336962 0.3762057877813504
0 0.3582609064764996 0.6864951768488745 0.05772924559336962 0.3762057877813504
0 0.3998599216834865 0.6945337620578778 0.057729245593369595 0.3922829581993568
0 0.4448547748665541 0.6864951768488745 0.05772924559336962 0.3762057877813504
0 0.49069858754364176 0.6864951768488745 0.05772924559336962 0.3762057877813504
0 0.5305996837625884 0.6832797427652731 0.05772924559336962 0.3762057877813504
0 0.5747455774516358 0.6832797427652731 0.05772924559336962 0.3762057877813504
0 0.6214383496227429 0.7025723472668806 0.057729245593369595 0.41479099678456627
0 0.6647352838177709 0.680064308681672 0.05772924559336962 0.3762057877813504
0 0.7054853395307377 0.6768488745980707 0.05772924559336962 0.3762057877813504
0 0.7521781117018455 0.6704180064308681 0.05772924559336962 0.3762057877813504
0 0.7920792079207921 0.6832797427652733 0.05772924559336962 0.3762057877813504
0 0.8404698990799402 0.680064308681672 0.05772924559336962 0.3762057877813504
0 0.8888605902390883 0.6704180064308681 0.05772924559336962 0.3762057877813504
0 0.9287616864580349 0.6704180064308681 0.05772924559336962 0.3762057877813504
1 0.05348444812326911 0.34565916398713825 0.05772924559336962 0.3762057877813504
1 0.09423450383623588 0.3585209003215434 0.05772924559336962 0.3762057877813504
1 0.13838039752528325 0.35530546623794207 0.05772924559336962 0.3762057877813504
1 0.18762004817845146 0.3520900321543408 0.05772924559336962 0.3762057877813504
1 0.2249742659153377 0.3585209003215434 0.05772924559336962 0.3762057877813504
1 0.27166703808644554 0.3520900321543408 0.05772924559336962 0.3762057877813504
0 0.3149639722814727 0.3488745980707395 0.05772924559336962 0.3762057877813504
1 0.3608077849585603 0.34565916398713825 0.05772924559336962 0.3762057877813504
0 0.4007088811775069 0.3520900321543408 0.05772924559336962 0.3762057877813504
0 0.4457037343605744 0.3488745980707395 0.05772924559336962 0.3762057877813504
1 0.48900066855560154 0.3520900321543408 0.05772924559336962 0.3762057877813504
0 0.5356934407267094 0.3488745980707395 0.05772924559336962 0.3762057877813504
1 0.5747455774516359 0.3392282958199357 0.05772924559336962 0.3762057877813504
0 0.6188914711406827 0.3327974276527331 0.05772924559336958 0.4212218649517684
0 0.6672821622998311 0.3327974276527331 0.05772924559336958 0.40836012861736337
0 0.708032218012797 0.34244372990353694 0.05772924559336953 0.3890675241157556
0 0.7538760306898847 0.3488745980707395 0.05772924559336953 0.3890675241157556
0 0.7997198433669723 0.3520900321543408 0.05772924559336953 0.3890675241157556
0 0.8438657370560197 0.35530546623794207 0.05772924559336953 0.3890675241157556
0 0.8863137117570268 0.34565916398713825 0.05772924559336953 0.3890675241157556
0 0.9321575244341145 0.35530546623794207 0.05772924559336953 0.3890675241157556
