0 0.3025775935374149 0.08854166666666664 0.06491284013605442 0.0677083333333333
0 0.35283269557823127 0.08854166666666664 0.06491284013605442 0.0677083333333333
0 0.39261798469387754 0.08593749999999996 0.06491284013605442 0.0677083333333333
0 0.44287308673469383 0.08333333333333331 0.06491284013605442 0.0677083333333333
0 0.48894026360544207 0.08203124999999996 0.06491284013605442 0.0677083333333333
0 0.5287255527210883 0.08333333333333331 0.06491284013605442 0.0677083333333333
0 0.5789806547619047 0.08072916666666664 0.06491284013605442 0.0677083333333333
0 0.625047831632653 0.07942708333333331 0.06491284013605442 0.0677083333333333
0 0.6627391581632652 0.07942708333333331 0.06491284013605442 0.0677083333333333
0 0.7129942602040817 0.07552083333333331 0.06491284013605442 0.0677083333333333
0 0.7506855867346941 0.0716145833333333 0.06491284013605442 0.0677083333333333
0 0.8009406887755104 0.07291666666666664 0.06491284013605442 0.0677083333333333
0 0.8511957908163268 0.0716145833333333 0.06491284013605442 0.0677083333333333
0 0.8093165391156445 0.2161458333333333 0.10679209183673369 0.04166666666666648
0 0.8155984268707467 0.2447916666666666 0.10679209183673369 0.04166666666666648
0 0.8176923894557807 0.27604166666666663 0.10679209183673369 0.04166666666666648
0 0.8197863520408147 0.30468749999999994 0.10679209183673369 0.04166666666666648
0 0.8218803146258487 0.32942708333333326 0.10679209183673369 0.04166666666666648
0 0.8323501275510187 0.35937499999999994 0.10679209183673369 0.04166666666666648
0 0.8323501275510187 0.41406249999999994 0.10679209183673369 0.04166666666666648
0 0.8302561649659846 0.43749999999999994 0.10679209183673369 0.04166666666666648
0 0.8344440901360525 0.47005208333333326 0.10679209183673369 0.04166666666666648
0 0.8470078656462566 0.49999999999999994 0.10679209183673369 0.04166666666666648
1 0.8470078656462566 0.5286458333333334 0.10679209183673369 0.04166666666666648
0 0.8511957908163247 0.5507812500000001 0.10679209183673369 0.04166666666666648
0 0.8532897534013587 0.5781250000000001 0.10679209183673369 0.04166666666666648
0 0.8574776785714266 0.6054687500000001 0.10679209183673369 0.04166666666666648
0 0.8532897534013587 0.6341145833333334 0.10679209183673369 0.04166666666666648
0 0.8553837159863926 0.6614583333333335 0.10679209183673369 0.04166666666666648
0 0.8616656037414947 0.6992187500000001 0.10679209183673369 0.04166666666666648
0 0.4847523384353722 0.42708333333333337 0.10679209183673369 0.04166666666666648
0 0.4721885629251681 0.37630208333333337 0.10679209183673369 0.04166666666666648
0 0.47009460034013406 0.34765625 0.10679209183673369 0.04166666666666648
0 0.46800063775510004 0.3177083333333334 0.10679209183673369 0.04166666666666648
0 0.465906675170066 0.29166666666666674 0.10679209183673369 0.04166666666666648
0 0.4554368622448959 0.26302083333333337 0.10679209183673369 0.04166666666666648
0 0.45334289965986196 0.2317708333333334 0.10679209183673369 0.04166666666666648
0 0.591544430272107 0.22526041666666674 0.10679209183673369 0.04166666666666648
0 0.610390093537413 0.25260416666666674 0.10679209183673369 0.04166666666666648
0 0.614578018707481 0.2838541666666668 0.10679209183673369 0.04166666666666648
0 0.614578018707481 0.2838541666666668 0.10679209183673369 0.04166666666666648
0 0.6627391581632633 0.7317708333333335 0.10679209183673369 0.04166666666666648
0 0.6564572704081614 0.7018229166666667 0.10679209183673369 0.04166666666666648
0 0.6480814200680253 0.6770833333333335 0.10679209183673369 0.04166666666666648
0 0.6543633078231273 0.6510416666666667 0.10679209183673369 0.04166666666666648
0 0.6417995323129233 0.6197916666666667 0.10679209183673369 0.04166666666666648
0 0.6459874574829914 0.5950520833333334 0.10679209183673369 0.04166666666666648
0 0.6438934948979573 0.5690104166666667 0.10679209183673369 0.04166666666666648
0 0.6355176445578211 0.5403645833333334 0.10679209183673369 0.04166666666666648
0 0.6334236819727872 0.51171875 0.10679209183673369 0.04166666666666648
0 0.6313297193877532 0.484375 0.10679209183673369 0.04166666666666648
0 0.6250478316326512 0.45572916666666674 0.10679209183673369 0.04166666666666648
0 0.6229538690476172 0.42838541666666674 0.10679209183673369 0.04166666666666648
0 0.6250478316326512 0.36848958333333337 0.10679209183673369 0.04166666666666648
0 0.6124840561224469 0.3372395833333334 0.10679209183673369 0.04166666666666648
0 0.608296130952379 0.3098958333333334 0.10679209183673369 0.04166666666666648
0 0.5015040391156443 0.6562500000000001 0.10679209183673369 0.04166666666666648
0 0.49731611394557623 0.6250000000000001 0.10679209183673369 0.04166666666666648
0 0.49312818877550824 0.5989583333333334 0.10679209183673369 0.04166666666666648
0 0.48894026360544024 0.5729166666666667 0.10679209183673369 0.04166666666666648
0 0.47847045068027017 0.5481770833333334 0.10679209183673369 0.04166666666666648
0 0.48894026360544024 0.5208333333333334 0.10679209183673369 0.04166666666666648
0 0.4868463010204062 0.49088541666666674 0.10679209183673369 0.04166666666666648
0 0.49103422619047427 0.4609375 0.10679209183673369 0.04166666666666648
0 0.23347682823129057 0.15625000000000006 0.10679209183673369 0.04166666666666648
0 0.2313828656462566 0.18229166666666674 0.10679209183673369 0.04166666666666648
0 0.23975871598639265 0.21354166666666674 0.10679209183673369 0.04166666666666648
0 0.24185267857142662 0.2395833333333334 0.10679209183673369 0.04166666666666648
0 0.2460406037414947 0.2708333333333334 0.10679209183673369 0.04166666666666648
0 0.24394664115646067 0.29557291666666674 0.10679209183673369 0.04166666666666648
0 0.25441645408163077 0.3255208333333334 0.10679209183673369 0.04166666666666648
0 0.25441645408163077 0.35026041666666674 0.10679209183673369 0.04166666666666648
0 0.2460406037414947 0.37630208333333337 0.10679209183673369 0.04166666666666648
0 0.2627923044217668 0.43880208333333337 0.10679209183673369 0.04166666666666648
0 0.2627923044217668 0.46484375 0.10679209183673369 0.04166666666666648
0 0.26488626700680085 0.49739583333333337 0.10679209183673369 0.04166666666666648
0 0.2753560799319709 0.5234375000000001 0.10679209183673369 0.04166666666666648
0 0.2711681547619029 0.5507812500000001 0.10679209183673369 0.04166666666666648
0 0.26907419217686884 0.5807291666666667 0.10679209183673369 0.04166666666666648
0 0.26488626700680085 0.6041666666666667 0.10679209183673369 0.04166666666666648
0 0.27745004251700495 0.6341145833333334 0.10679209183673369 0.04166666666666648
0 0.2795440051020389 0.6601562500000001 0.10679209183673369 0.04166666666666648
0 0.27745004251700495 0.6809895833333335 0.10679209183673369 0.04166666666666648
0 0.3758662840136038 0.7760416666666669 0.0900403911564618 0.057291666666666935
0 0.4135576105442161 0.7955729166666669 0.0900403911564618 0.057291666666666935
0 0.45334289965986235 0.8125000000000003 0.0900403911564618 0.057291666666666935
0 0.49522215136054265 0.8255208333333336 0.0900403911564618 0.057291666666666935
0 0.5308195153061209 0.8437500000000003 0.0900403911564618 0.057291666666666935
0 0.5664168792516991 0.8645833333333336 0.0900403911564618 0.057291666666666935
0 0.5936383928571413 0.8763020833333336 0.0900403911564618 0.057291666666666935
0 0.6397055697278896 0.8893229166666669 0.0900403911564618 0.057291666666666935
0 0.6732089710884338 0.9010416666666669 0.0900403911564618 0.057291666666666935
0 0.7150882227891142 0.912109375 0.09004039115646176 0.058593749999999646
0 0.7485916241496584 0.9290364583333333 0.09004039115646176 0.058593749999999646
0 0.7841889880952366 0.9407552083333333 0.09004039115646176 0.058593749999999646
0 0.9244844812925149 0.8593749999999999 0.10679209183673373 0.03645833333333347
0 0.926578443877549 0.8841145833333333 0.10679209183673373 0.03645833333333347
