0 0.18384074941452 0.21414528167065228 0.032006245120999186 0.15895319876584502
1 0.20647931303669015 0.22297601493542146 0.032006245120999186 0.15895319876584502
1 0.22911787665886035 0.21635296498684461 0.032006245120999186 0.15895319876584502
1 0.25331772053083534 0.2207683316192292 0.032006245120999186 0.15895319876584502
1 0.25331772053083534 0.21414528167065228 0.032006245120999186 0.15895319876584502
0 0.2743950039032007 0.2185606483030369 0.032006245120999186 0.15895319876584502
1 0.2978142076502732 0.21414528167065228 0.032006245120999186 0.15895319876584502
0 0.3204527712724435 0.21635296498684461 0.032006245120999186 0.15895319876584502
1 0.3415300546448088 0.21635296498684461 0.032006245120999186 0.15895319876584502
1 0.36651053864168626 0.21414528167065228 0.032006245120999186 0.15895319876584502
0 0.3860265417642467 0.20752223172207543 0.032006245120999186 0.15895319876584502
1 0.4086651053864169 0.21193759835446002 0.032006245120999186 0.15895319876584502
0 0.4320843091334895 0.21193759835446002 0.032006245120999186 0.15895319876584502
1 0.45706479313036685 0.20752223172207543 0.032006245120999186 0.15895319876584502
0 0.47814207650273227 0.20089918177349855 0.032006245120999186 0.15895319876584502
0 0.5015612802498048 0.20310686508969084 0.032006245120999186 0.15895319876584502
0 0.524199843871975 0.19648381514111393 0.032006245120999186 0.15895319876584502
0 0.5476190476190477 0.18986076519253708 0.032006245120999186 0.15895319876584502
1 0.5718188914910226 0.19869149845730624 0.032006245120999186 0.15895319876584502
0 0.5928961748633879 0.19427613182492162 0.032006245120999186 0.15895319876584502
1 0.6139734582357531 0.18986076519253703 0.032006245120999186 0.15895319876584502
0 0.6397345823575329 0.19427613182492162 0.032006245120999186 0.15895319876584502
0 0.6608118657298983 0.19869149845730621 0.032006245120999186 0.15895319876584502
0 0.6850117096018732 0.19869149845730621 0.032006245120999186 0.15895319876584502
1 0.7092115534738482 0.19869149845730621 0.032006245120999186 0.15895319876584502
0 0.21506635441061633 0.5165978959889965 0.032006245120999186 0.15895319876584502
0 0.19242779078844616 0.5210132626213811 0.032006245120999186 0.15895319876584502
0 0.17135050741608082 0.5232209459375734 0.032006245120999186 0.15895319876584502
0 0.1471506635441058 0.5210132626213811 0.032006245120999186 0.15895319876584502
0 0.26190476190476153 0.5188055793051889 0.032006245120999186 0.15895319876584502
0 0.2861046057767366 0.5165978959889966 0.032006245120999186 0.15895319876584502
0 0.3087431693989068 0.5099748460404198 0.032006245120999186 0.15895319876584502
0 0.35167837626853987 0.5210132626213811 0.032006245120999186 0.15895319876584502
0 0.3743169398907101 0.5210132626213811 0.032006245120999186 0.15895319876584502
0 0.3961748633879778 0.5077671627242275 0.032006245120999186 0.15895319876584502
0 0.42037470725995285 0.5121825293566121 0.032006245120999186 0.15895319876584502
0 0.44457455113192773 0.5143902126728044 0.032006245120999186 0.15895319876584502
0 0.46643247462919546 0.5143902126728044 0.032006245120999186 0.15895319876584502
0 0.49297423887587777 0.5143902126728044 0.032006245120999186 0.15895319876584502
0 0.5187353629976577 0.5099748460404199 0.032006245120999186 0.15895319876584502
0 0.5538641686182666 0.5121825293566121 0.032006245120999186 0.15895319876584502
0 0.5804059328649488 0.5077671627242276 0.032006245120999186 0.15895319876584502
0 0.632708821233411 0.5055594794080354 0.032006245120999186 0.15895319876584502
0 0.6584699453551909 0.5077671627242276 0.032006245120999186 0.15895319876584502
0 0.6959406713505071 0.4967287461432662 0.032006245120999186 0.15895319876584502
0 0.7193598750975796 0.5055594794080354 0.032006245120999186 0.15895319876584502
0 0.745901639344262 0.5055594794080354 0.032006245120999186 0.15895319876584502
0 0.7685402029664321 0.5077671627242276 0.032006245120999186 0.15895319876584502
0 0.7927400468384072 0.5099748460404199 0.032006245120999186 0.15895319876584502
0 0.8161592505854798 0.5143902126728045 0.032006245120999186 0.15895319876584502
0 0.15417642466822756 0.8124274603587641 0.032006245120999186 0.15895319876584502
0 0.17993754879000748 0.819050510307341 0.032006245120999186 0.15895319876584502
0 0.2041373926619825 0.8212581936235333 0.032006245120999186 0.15895319876584502
1 0.22833723653395752 0.8168428269911487 0.032006245120999186 0.15895319876584502
1 0.27751756440281 0.8168428269911487 0.032006245120999186 0.15895319876584502
0 0.2970335675253705 0.8124274603587641 0.032006245120999186 0.15895319876584502
1 0.3220140515222479 0.8168428269911487 0.032006245120999186 0.15895319876584502
1 0.346213895394223 0.8124274603587641 0.032006245120999186 0.15895319876584502
1 0.36729117876658823 0.8146351436749564 0.032006245120999186 0.15895319876584502
0 0.3914910226385633 0.8102197770425719 0.032006245120999186 0.15895319876584502
0 0.4547228727556593 0.8080120937263794 0.032006245120999186 0.15895319876584502
1 0.47658079625292715 0.8146351436749564 0.032006245120999186 0.15895319876584502
0 0.4999999999999998 0.8102197770425719 0.032006245120999186 0.15895319876584502
1 0.5234192037470724 0.8124274603587641 0.032006245120999186 0.15895319876584502
1 0.5460577673692426 0.819050510307341 0.032006245120999186 0.15895319876584502
1 0.567135050741608 0.8124274603587641 0.032006245120999186 0.15895319876584502
1 0.591334894613583 0.8102197770425719 0.032006245120999186 0.15895319876584502
0 0.6139734582357531 0.8124274603587641 0.032006245120999186 0.15895319876584502
1 0.6358313817330208 0.8124274603587641 0.032006245120999186 0.15895319876584502
1 0.6592505854800933 0.8102197770425719 0.032006245120999186 0.15895319876584502
0 0.6818891491022634 0.8168428269911487 0.032006245120999186 0.15895319876584502
1 0.7045277127244337 0.8146351436749564 0.032006245120999186 0.15895319876584502
1 0.7271662763466038 0.8102197770425719 0.032006245120999186 0.15895319876584502
1 0.7505854800936764 0.8168428269911487 0.032006245120999186 0.15895319876584502
1 0.7724434035909442 0.8124274603587641 0.032006245120999186 0.15895319876584502
1 0.7958626073380168 0.8124274603587641 0.032006245120999186 0.15895319876584502
1 0.818501170960187 0.8168428269911487 0.032006245120999186 0.15895319876584502
1 0.8419203747072597 0.819050510307341 0.032006245120999186 0.15895319876584502
0 0.868462138953939 0.7969736771454186 0.03200624512099915 0.2075222317220764
1 0.04410616705698634 0.9028619340875376 0.056986729117876604 0.09713806591246035
0 0.04410616705698634 0.8432544845503456 0.056986729117876604 0.09713806591246035
0 0.046448087431693603 0.7748163017483846 0.056986729117876604 0.09713806591246035
0 0.04410616705698634 0.7130011688950004 0.056986729117876604 0.09713806591246035
0 0.04488680718188876 0.6467706694092317 0.056986729117876604 0.09713806591246035
0 0.04722872755659601 0.580540169923463 0.056986729117876604 0.09713806591246035
0 0.04332552693208392 0.5231404037024633 0.056986729117876604 0.09713806591246035
0 0.04488680718188876 0.45690990421669453 0.056986729117876604 0.09713806591246035
1 0.04176424668227908 0.3862640380985411 0.056986729117876604 0.09713806591246035
0 0.04176424668227908 0.3200335386127723 0.056986729117876604 0.09713806591246035
