1 0.02550377030737711 0.6681222707423581 0.039105781137978225 0.37554585152838427
1 0.05610829467622963 0.6724890829694323 0.039105781137978225 0.37554585152838427
1 0.08161206498360674 0.6768558951965065 0.039105781137978225 0.37554585152838427
1 0.11306671502937184 0.6899563318777292 0.039105781137978225 0.37554585152838427
0 0.13942061101366152 0.6768558951965065 0.039105781137978225 0.37554585152838427
1 0.1683248840286889 0.6724890829694323 0.039105781137978225 0.37554585152838427
1 0.19552890568989117 0.6724890829694323 0.039105781137978225 0.37554585152838427
0 0.223583053028006 0.6724890829694323 0.039105781137978225 0.37554585152838427
1 0.253337451719946 0.6724890829694323 0.039105781137978225 0.37554585152838427
0 0.27969134770423565 0.6593886462882095 0.039105781137978225 0.37554585152838427
0 0.3102958720730882 0.6550218340611353 0.039105781137978225 0.37554585152838427
0 0.3366497680573778 0.6593886462882095 0.039105781137978225 0.37554585152838427
0 0.3664041667493178 0.6637554585152838 0.039105781137978225 0.37554585152838427
0 0.3919079370566948 0.6637554585152838 0.039105781137978225 0.37554585152838427
0 0.4182618330409845 0.6593886462882095 0.039105781137978225 0.37554585152838427
0 0.44631598037909936 0.6681222707423581 0.039105781137978225 0.37554585152838427
0 0.44631598037909936 0.6681222707423581 0.039105781137978225 0.37554585152838427
1 0.47777063042486456 0.6550218340611351 0.039105781137978225 0.37554585152838427
0 0.5049746520860667 0.650655021834061 0.039105781137978225 0.37554585152838427
0 0.532178673747269 0.6419213973799125 0.039105781137978225 0.37554585152838427
0 0.5593826954084713 0.6419213973799125 0.039105781137978225 0.37554585152838427
0 0.5891370941004112 0.6462882096069867 0.039105781137978225 0.37554585152838427
0 0.6171912414385261 0.6855895196506548 0.039105781137978225 0.37554585152838427
0 0.6435451374228154 0.6637554585152836 0.039105781137978225 0.3930131004366811
0 0.6749997874685806 0.6462882096069867 0.039105781137978225 0.37554585152838427
0 0.7030539348066955 0.650655021834061 0.039105781137978225 0.37554585152838427
1 0.7277075794371599 0.650655021834061 0.039105781137978225 0.37554585152838427
1 0.7557617267752748 0.650655021834061 0.039105781137978225 0.37554585152838427
1 0.7872163768210398 0.6462882096069867 0.039105781137978225 0.37554585152838427
0 0.8127201471284171 0.6419213973799125 0.039105781137978225 0.37554585152838427
0 0.8399241687896192 0.6550218340611351 0.039105781137978225 0.37554585152838427
0 0.8688284418046467 0.6593886462882094 0.039105781137978225 0.37554585152838427
1 0.8968825891427613 0.650655021834061 0.039105781137978225 0.37554585152838427
0 0.9240866108039634 0.6462882096069867 0.039105781137978225 0.37554585152838427
0 0.956391386526641 0.6419213973799125 0.039105781137978225 0.37554585152838427
1 0.028904273015027 0.34497816593886443 0.039105781137978225 0.37554585152838427
1 0.055258168999316674 0.34497816593886443 0.039105781137978225 0.37554585152838427
1 0.08076193930669379 0.34497816593886443 0.039105781137978225 0.37554585152838427
1 0.1088160866448086 0.3318777292576417 0.039105781137978225 0.37554585152838427
1 0.13942061101366113 0.3275109170305675 0.039105781137978225 0.37554585152838427
0 0.1691750097056011 0.3318777292576417 0.039105781137978225 0.37554585152838427
1 0.19297852865915308 0.336244541484716 0.039105781137978225 0.37554585152838427
1 0.222732927351093 0.3318777292576417 0.039105781137978225 0.37554585152838427
0 0.2516372003661204 0.3275109170305675 0.039105781137978225 0.37554585152838427
0 0.2830918504118854 0.31004366812227047 0.047607037907104084 0.37554585152838416
0 0.3366497680573779 0.32314410480349276 0.04080603249180257 0.37554585152838377
0 0.36895454378005554 0.3013100436681215 0.047607037907103 0.3755458515283837
0 0.41911195871789675 0.3100436681222705 0.039105781137978225 0.37554585152838427
1 0.4497164830867493 0.318777292576419 0.039105781137978225 0.37554585152838427
0 0.476070379071039 0.32314410480349326 0.039105781137978225 0.37554585152838427
0 0.5041245264091537 0.318777292576419 0.039105781137978225 0.37554585152838427
1 0.5338789251010937 0.32314410480349326 0.039105781137978225 0.37554585152838427
0 0.5576824440546456 0.32314410480349326 0.039105781137978225 0.37554585152838427
0 0.5891370941004107 0.3100436681222705 0.039105781137978225 0.37554585152838427
1 0.616341115761613 0.3013100436681221 0.039105781137978225 0.37554585152838427
0 0.6435451374228153 0.30567685589519633 0.039105781137978225 0.37554585152838427
0 0.6724494104378427 0.3013100436681221 0.039105781137978225 0.37554585152838427
1 0.7013536834528701 0.3144104803493448 0.039105781137978225 0.37554585152838427
1 0.7557617267752745 0.3275109170305675 0.039105781137978225 0.37554585152838427
1 0.7268574537602471 0.3144104803493448 0.039105781137978225 0.37554585152838427
1 0.7863662511441271 0.32314410480349326 0.039105781137978225 0.37554585152838427
0 0.8093196444207666 0.32314410480349326 0.039105781137978225 0.37554585152838427
0 0.8399241687896191 0.3144104803493448 0.039105781137978225 0.37554585152838427
0 0.8688284418046465 0.318777292576419 0.039105781137978225 0.37554585152838427
0 0.8960324634658485 0.3144104803493448 0.039105781137978225 0.37554585152838427
0 0.9257868621577886 0.3100436681222705 0.039105781137978225 0.37554585152838427
0 0.954691135172816 0.3013100436681221 0.039105781137978225 0.37554585152838427
