0 0.5333775111607143 0.34375 0.18559802827380956 0.0625
0 0.5299083891369049 0.39713541666666674 0.18559802827380956 0.0625
0 0.5316429501488096 0.44401041666666674 0.18559802827380956 0.0625
1 0.5420503162202381 0.4973958333333334 0.18559802827380956 0.0625
0 0.535112072172619 0.5468750000000001 0.18559802827380956 0.0625
1 0.5403157552083333 0.5976562500000001 0.18559802827380956 0.0625
0 0.5333775111607143 0.6458333333333335 0.18559802827380956 0.0625
1 0.5420503162202381 0.6953125000000001 0.18559802827380956 0.0625
1 0.5420503162202381 0.7447916666666669 0.18559802827380956 0.0625
1 0.5316429501488095 0.7942708333333335 0.18559802827380956 0.0625
1 0.5333775111607143 0.8450520833333335 0.18559802827380956 0.0625
1 0.8681477864583332 0.9010416666666665 0.17172154017857155 0.06250000000000003
0 0.8681477864583332 0.8476562500000001 0.18559802827380956 0.0625
1 0.8750860305059522 0.8007812500000001 0.18559802827380956 0.0625
1 0.869882347470238 0.7526041666666669 0.18559802827380956 0.0625
0 0.8664132254464283 0.6979166666666669 0.18559802827380956 0.0625
0 0.8560058593749997 0.6536458333333335 0.18559802827380956 0.0625
0 0.861209542410714 0.6015625000000001 0.18559802827380956 0.0625
0 0.8646786644345235 0.5468750000000001 0.18559802827380956 0.0625
0 0.8594749813988092 0.4973958333333335 0.18559802827380956 0.0625
0 0.8612095424107139 0.44921875000000017 0.18559802827380956 0.0625
0 0.8629441034226185 0.3971354166666668 0.18559802827380956 0.0625
1 0.8577404203869043 0.34765625000000017 0.18559802827380956 0.0625
0 0.861209542410714 0.30078125000000017 0.18559802827380956 0.0625
0 0.21248372395833307 0.8958333333333335 0.18559802827380956 0.0625
0 0.20728004092261876 0.8450520833333335 0.18559802827380956 0.0625
0 0.20554547991071404 0.7968750000000001 0.18559802827380956 0.0625
0 0.1968726748511902 0.7447916666666669 0.18559802827380956 0.0625
0 0.20034179687499973 0.6966145833333335 0.18559802827380956 0.0625
1 0.2090146019345235 0.6484375000000001 0.18559802827380956 0.0625
0 0.20728004092261876 0.5989583333333335 0.18559802827380956 0.0625
0 0.20554547991071404 0.5468750000000001 0.18559802827380956 0.0625
0 0.20554547991071404 0.49609375000000017 0.18559802827380956 0.0625
0 0.2090146019345235 0.4466145833333335 0.18559802827380956 0.0625
1 0.21421828497023782 0.3958333333333335 0.18559802827380956 0.0625
1 0.21248372395833307 0.34765625000000017 0.18559802827380956 0.0625
1 0.2194219680059521 0.2981770833333335 0.18559802827380956 0.0625
1 0.21421828497023782 0.24609375000000014 0.18559802827380956 0.0625
0 0.20728004092261876 0.19531250000000014 0.18559802827380956 0.0625
0 0.2090146019345235 0.14453125000000017 0.18559802827380956 0.0625
