1 0.15391229578675822 0.5390909801524983 0.07050730868443679 0.2977835890366184
0 0.20292347377472042 0.5226615407573746 0.07738607050730871 0.29778358903661845
1 0.25709372312983647 0.4980173816646889 0.07738607050730871 0.29778358903661845
1 0.30782459157351666 0.4815879422695651 0.07738607050730871 0.29778358903661845
1 0.3594153052450558 0.4569437831768795 0.07738607050730871 0.29778358903661845
0 0.41530524505588984 0.4261385843110224 0.07738607050730871 0.29778358903661845
1 0.4660361134995701 0.4056017850671177 0.07738607050730871 0.29778358903661845
0 0.5184866723989683 0.38301130589882254 0.07738607050730871 0.29778358903661845
0 0.5769561478933792 0.3665818665036988 0.07738607050730871 0.29778358903661845
0 0.6294067067927773 0.33783034756223224 0.07738607050730871 0.29778358903661845
0 0.6827171109200344 0.30907882862076563 0.07738607050730871 0.29778358903661845
0 0.7334479793637146 0.2762199498305181 0.07738607050730871 0.29778358903661845
1 0.7936371453138434 0.2536294706622229 0.07738607050730871 0.29778358903661845
1 0.8409286328460877 0.23720003126709918 0.07738607050730871 0.29778358903661845
1 0.8907996560619088 0.21666323202319446 0.07738607050730871 0.29778358903661845
0 0.939810834049871 0.18175067330855652 0.07738607050730871 0.29778358903661845
1 0.12123817712811695 0.8163377699452116 0.07738607050730871 0.29778358903661845
0 0.16852966466036115 0.795800970701307 0.07738607050730871 0.29778358903661845
1 0.2235597592433362 0.7752641714574021 0.07738607050730871 0.29778358903661845
1 0.27343078245915736 0.7485663324403259 0.07738607050730871 0.29778358903661845
0 0.3301805674978504 0.7239221733476403 0.07738607050730871 0.29778358903661845
1 0.3809114359415306 0.7033853741037356 0.07738607050730871 0.29778358903661845
0 0.43766122098022364 0.6972243343305642 0.07738607050730871 0.29778358903661845
0 0.4892519346517627 0.6540970559183644 0.07738607050730871 0.29778358903661845
1 0.5408426483233019 0.6273992169012882 0.07738607050730871 0.29778358903661845
0 0.5984522785898538 0.6130234574305549 0.07738607050730871 0.29778358903661845
0 0.6517626827171108 0.5883792983378693 0.07738607050730871 0.29778358903661845
0 0.7033533963886499 0.5575740994720122 0.07738607050730871 0.29778358903661845
0 0.7558039552880481 0.5370373002281075 0.07738607050730871 0.29778358903661845
1 0.8056749785038693 0.5062321013622505 0.07738607050730871 0.29778358903661845
0 0.8641444539982802 0.49391002181590765 0.07738607050730871 0.29778358903661845
0 0.9165950128976783 0.4651585028744411 0.07738607050730871 0.29778358903661845
0 0.9613069647463456 0.4405143437817555 0.07738607050730871 0.29778358903661845
