1 0.12424763542562339 0.14787525984786337 0.07308684436801374 0.20177371904474814
1 0.1827171109200344 0.14925727162214247 0.07308684436801374 0.20177371904474814
1 0.23086844368013754 0.14649324807358424 0.05932932072226994 0.20177371904474817
1 0.2747205503009459 0.1409652009764679 0.06276870163370578 0.20177371904474814
1 0.31384350816852963 0.14442023041216567 0.0051590713671539135 0.0041460353228373135
1 0.3220120378331901 0.14511123629930517 0.06276870163370578 0.20177371904474814
1 0.37446259673258825 0.1437292245250261 0.06276870163370578 0.20177371904474814
1 0.4286328460877043 0.14649324807358424 0.07480653482373155 0.20177371904474814
1 0.5240756663800518 0.13681916565363061 0.06276870163370578 0.20177371904474814
1 0.5739466895958728 0.1395831892021888 0.06276870163370578 0.20177371904474814
1 0.622957867583835 0.1395831892021888 0.06276870163370578 0.20177371904474814
1 0.6711092003439382 0.1354371538793515 0.06276870163370578 0.20177371904474814
1 0.7209802235597593 0.1340551421050724 0.06276870163370578 0.20177371904474814
1 0.7691315563198625 0.1382011774279097 0.06276870163370578 0.20177371904474814
1 0.8215821152192606 0.1340551421050724 0.06276870163370578 0.20177371904474814
1 0.8766122098022356 0.13681916565363061 0.06276870163370578 0.20177371904474814
1 0.9299226139294929 0.1340551421050724 0.06276870163370578 0.20177371904474814
1 0.1259673258813415 0.31509868453563405 0.07308684436801365 0.20177371904474806
1 0.18271711092003462 0.31924471985847147 0.06792777300085966 0.20177371904474803
1 0.23043852106620835 0.31786270808419226 0.06018916595012888 0.20177371904474814
1 0.2785898538263116 0.31924471985847136 0.06018916595012888 0.20177371904474814
1 0.32760103181427375 0.31509868453563405 0.06018916595012888 0.20177371904474814
1 0.3740326741186589 0.31371667276135495 0.06018916595012888 0.20177371904474814
1 0.42476354256233906 0.3109526492127967 0.06018916595012888 0.20177371904474814
1 0.4763542562338782 0.3123346609870758 0.06018916595012888 0.20177371904474814
1 0.5270851246775584 0.3123346609870758 0.06018916595012888 0.20177371904474814
1 0.5760963026655205 0.30818862566423855 0.06018916595012888 0.20177371904474814
0 0.6276870163370596 0.3123346609870758 0.06018916595012888 0.20177371904474814
1 0.6749785038693038 0.30818862566423855 0.06018916595012888 0.20177371904474814
0 0.7196904557179711 0.30404259034140124 0.06018916595012888 0.20177371904474814
0 0.7721410146173692 0.30680661388995945 0.06018916595012888 0.20177371904474814
1 0.8224419604471197 0.3054246021156803 0.0644883920894233 0.20177371904474814
1 0.8791917454858127 0.2998965550185639 0.0644883920894233 0.20177371904474814
1 0.9307824591573517 0.301278566792843 0.0644883920894233 0.20177371904474814
0 0.13241616509028345 0.6847868341552922 0.07050730868443617 0.2363240134017253
1 0.1848667239896816 0.706208016656618 0.07050730868443614 0.19071762485051497
1 0.23258813413585552 0.7062080166566179 0.06104901117798731 0.18795360130195682
1 0.2803095442820282 0.7006799695595021 0.06362854686156437 0.1990096954961907
1 0.3276010318142724 0.7034439931080603 0.06362854686156437 0.1990096954961907
1 0.37661220980223464 0.7048260048823394 0.06362854686156437 0.1990096954961907
1 0.42992261392949177 0.7034439931080603 0.06362854686156437 0.1990096954961907
1 0.4780739466895948 0.6979159460109439 0.06362854686156437 0.1990096954961907
1 0.527944969905416 0.7048260048823394 0.06362854686156437 0.1990096954961907
1 0.5760963026655191 0.7034439931080603 0.06362854686156437 0.1990096954961907
0 0.6294067067927763 0.6937699106881067 0.06362854686156437 0.1990096954961907
1 0.6766981943250204 0.6937699106881067 0.06362854686156437 0.1990096954961907
0 0.7239896818572644 0.6923878989138277 0.06362854686156437 0.1990096954961907
0 0.7773000859845215 0.6896238753652695 0.06362854686156437 0.1990096954961907
1 0.82932072226999 0.68824186359099 0.0679277730008596 0.19900969549619055
0 0.8847807394668945 0.6840958282681526 0.06706792777300052 0.19900969549619052
0 0.9350816852966449 0.6930789048009673 0.05760963026655194 0.1672234246877714
1 0.37489251934651663 0.8748134531186682 0.06362854686156437 0.1990096954961907
1 0.3293207222699903 0.873431441344389 0.06362854686156437 0.1990096954961907
1 0.2854686156491821 0.873431441344389 0.06362854686156437 0.1990096954961907
1 0.23645743766121993 0.8692854060215518 0.06362854686156437 0.1990096954961907
1 0.17970765262252683 0.8651393706987146 0.06362854686156437 0.1990096954961907
1 0.1311263972484942 0.8679033942472719 0.0696474634565773 0.19900969549619066
1 0.4282029234737737 0.8692854060215518 0.06362854686156437 0.1990096954961907
1 0.4780739466895948 0.870667417795831 0.06362854686156437 0.1990096954961907
0 0.5296646603611339 0.8651393706987146 0.06362854686156437 0.1990096954961907
1 0.5786758383490962 0.870667417795831 0.06362854686156437 0.1990096954961907
1 0.6302665520206352 0.8692854060215518 0.06362854686156437 0.1990096954961907
1 0.6792777300085973 0.870667417795831 0.06362854686156437 0.1990096954961907
0 0.7265692175408415 0.870667417795831 0.06362854686156437 0.1990096954961907
1 0.7790197764402397 0.8665213824729936 0.06362854686156437 0.1990096954961907
0 0.8314703353396379 0.8651393706987146 0.06362854686156437 0.1990096954961907
0 0.886500429922613 0.8692854060215518 0.06362854686156437 0.1990096954961907
0 0.935511607910575 0.870667417795831 0.06362854686156437 0.1990096954961907
