0 0.1907486652010051 0.06901041666666667 0.13499136306532664 0.04947916666666666
0 0.18487947550251263 0.11458333333333331 0.13499136306532664 0.04947916666666666
1 0.18879226863484092 0.15364583333333331 0.13499136306532664 0.04947916666666666
0 0.18096668237018432 0.19661458333333331 0.13499136306532664 0.04947916666666666
1 0.1907486652010051 0.23307291666666669 0.13499136306532664 0.04947916666666666
1 0.18879226863484092 0.27473958333333337 0.13499136306532664 0.04947916666666666
1 0.18879226863484092 0.30729166666666674 0.13499136306532664 0.04947916666666666
0 0.20053064803182583 0.3489583333333334 0.13499136306532664 0.04947916666666666
0 0.20053064803182583 0.3919270833333334 0.13499136306532664 0.04947916666666666
1 0.19661785489949757 0.43359375000000006 0.13499136306532664 0.04947916666666666
0 0.20248704459799 0.4713541666666668 0.13499136306532664 0.04947916666666666
1 0.19857425146566168 0.5117187500000001 0.13499136306532664 0.04947916666666666
0 0.1907486652010051 0.5507812500000001 0.13499136306532664 0.04947916666666666
0 0.1907486652010051 0.5846354166666667 0.13499136306532664 0.04947916666666666
0 0.1946614583333334 0.6328125 0.13499136306532664 0.04947916666666666
1 0.1907486652010051 0.6744791666666667 0.13499136306532664 0.04947916666666666
0 0.1946614583333334 0.7122395833333335 0.13499136306532664 0.04947916666666666
1 0.1946614583333334 0.7513020833333335 0.13499136306532664 0.04947916666666666
0 0.20444344116415414 0.7903645833333335 0.13499136306532664 0.04947916666666666
0 0.19857425146566168 0.8281250000000001 0.13499136306532664 0.04947916666666666
0 0.19857425146566168 0.8750000000000001 0.13499136306532664 0.04947916666666666
0 0.20248704459799 0.9101562500000001 0.13499136306532664 0.04947916666666666
1 0.7933188075795645 0.6861979166666667 0.13499136306532664 0.04947916666666666
1 0.7913624110134004 0.6523437500000001 0.13499136306532664 0.04947916666666666
1 0.7913624110134004 0.6080729166666669 0.13499136306532664 0.04947916666666666
1 0.7913624110134004 0.5703125000000002 0.13499136306532664 0.04947916666666666
1 0.7776676350502513 0.5312500000000002 0.13499136306532664 0.04947916666666666
1 0.7913624110134004 0.48697916666666685 0.13499136306532664 0.04947916666666666
1 0.785493221314908 0.44531250000000017 0.13499136306532664 0.04947916666666666
1 0.7874496178810722 0.40625000000000017 0.13499136306532664 0.04947916666666666
1 0.7894060144472362 0.3684895833333335 0.13499136306532664 0.04947916666666666
1 0.785493221314908 0.32291666666666685 0.13499136306532664 0.04947916666666666
1 0.7874496178810722 0.2851562500000001 0.13499136306532664 0.04947916666666666
1 0.7894060144472362 0.24348958333333345 0.13499136306532664 0.04947916666666666
1 0.7894060144472362 0.20442708333333345 0.13499136306532664 0.04947916666666666
1 0.7835368247487433 0.16536458333333354 0.1349913630653266 0.04687500000000004
