0 0.20894239036973342 0.37133849240470035 0.06878761822871877 0.32903410719403825
0 0.2566638005159072 0.37133849240470035 0.06276870163370571 0.32903410719403825
1 0.30825451418744637 0.3548867870449985 0.06276870163370571 0.32903410719403825
1 0.3581255374032676 0.3736887360275149 0.06276870163370571 0.32903410719403825
0 0.41057609630266567 0.3713384924047004 0.06276870163370571 0.32903410719403825
1 0.4604471195184868 0.36898824878188585 0.06276870163370571 0.32903410719403825
1 0.509458297506449 0.3713384924047004 0.06276870163370571 0.32903410719403825
0 0.5610490111779881 0.3501862997993694 0.06276870163370571 0.32903410719403825
1 0.6109200343938093 0.352536543422184 0.06276870163370571 0.32903410719403825
0 0.6616509028374894 0.34783605617655483 0.06276870163370571 0.32903410719403825
1 0.7132416165090285 0.35018629979936944 0.06276870163370571 0.32903410719403825
1 0.7631126397248497 0.35018629979936944 0.06276870163370571 0.32903410719403825
1 0.8164230438521067 0.35018629979936944 0.06276870163370571 0.32903410719403825
1 0.8637145313843511 0.33843508168529657 0.06276870163370571 0.32903410719403825
1 0.9135855546001721 0.34313556893092567 0.06276870163370571 0.32903410719403825
1 0.9178847807394672 0.6110633419317855 0.06276870163370571 0.32903410719403825
1 0.8654342218400691 0.6134135855546 0.06276870163370571 0.32903410719403825
1 0.816423043852107 0.6087130983089708 0.06276870163370571 0.32903410719403825
1 0.7674118658641446 0.618114072800229 0.06276870163370571 0.32903410719403825
1 0.7201203783319003 0.6228145600458581 0.06276870163370571 0.32903410719403825
0 0.6642304385210663 0.6275150472914873 0.06276870163370571 0.32903410719403825
1 0.6177987962166811 0.6369160217827455 0.06276870163370571 0.32903410719403825
0 0.566208082545142 0.6369160217827455 0.06276870163370571 0.32903410719403825
1 0.5146173688736029 0.6322155345371165 0.06276870163370571 0.32903410719403825
0 0.4638865004299227 0.6533677271424474 0.06276870163370571 0.32903410719403825
1 0.41229578675838363 0.646316996274004 0.06276870163370571 0.32903410719403825
0 0.3615649183147035 0.646316996274004 0.06276870163370571 0.32903410719403825
0 0.3082545141874464 0.6533677271424476 0.06276870163370571 0.32903410719403825
0 0.2583834909716252 0.6604184580108913 0.06276870163370571 0.32903410719403825
0 0.20937231298366307 0.667469188879335 0.06276870163370571 0.32903410719403825
