0 0.12133441943127955 0.1334635416666667 0.15480598341232218 0.11588541666666675
0 0.11715047393364923 0.18294270833333337 0.15480598341232218 0.11588541666666675
0 0.11715047393364923 0.2350260416666667 0.15480598341232218 0.11588541666666675
0 0.11715047393364923 0.2805989583333334 0.15480598341232218 0.11588541666666675
0 0.11715047393364923 0.33398437500000006 0.15480598341232218 0.11588541666666675
0 0.1129665284360189 0.38216145833333337 0.15480598341232218 0.11588541666666675
0 0.11715047393364923 0.43424479166666663 0.15480598341232218 0.11588541666666675
0 0.11924244668246439 0.47981770833333326 0.15480598341232218 0.11588541666666675
0 0.12133441943127955 0.5332031249999999 0.15480598341232218 0.11588541666666675
0 0.11715047393364923 0.5852864583333334 0.15480598341232218 0.11588541666666675
0 0.11505850118483407 0.6321614583333334 0.15480598341232218 0.11588541666666675
0 0.11715047393364923 0.685546875 0.15480598341232218 0.11588541666666675
0 0.1255183649289099 0.732421875 0.15480598341232218 0.11588541666666675
1 0.1255183649289099 0.7819010416666665 0.15480598341232218 0.11588541666666675
0 0.11505850118483402 0.8359374999999996 0.15480598341232218 0.07812499999999943
0 0.4424522363744073 0.1302083333333334 0.1861855746445493 0.10416666666666673
0 0.4319923726303315 0.18750000000000003 0.1861855746445493 0.10416666666666673
0 0.43408434537914675 0.22786458333333337 0.1861855746445493 0.10416666666666673
0 0.4382682908767771 0.27604166666666674 0.1861855746445493 0.10416666666666673
0 0.42990039988151635 0.33072916666666674 0.1861855746445493 0.10416666666666673
0 0.4278084271327012 0.37760416666666674 0.1861855746445493 0.10416666666666673
0 0.42990039988151635 0.43359375000000006 0.1861855746445493 0.10416666666666673
0 0.4278084271327012 0.48697916666666663 0.1861855746445493 0.10416666666666673
0 0.42990039988151635 0.5364583333333335 0.1861855746445493 0.10416666666666673
0 0.425716454383886 0.5885416666666667 0.1861855746445493 0.10416666666666673
0 0.4236244816350708 0.6354166666666667 0.1861855746445493 0.10416666666666673
0 0.4236244816350708 0.6861979166666667 0.1861855746445493 0.10416666666666673
0 0.4236244816350708 0.7330729166666669 0.1861855746445493 0.10416666666666673
0 0.4236244816350708 0.7903645833333336 0.1861855746445493 0.10416666666666673
0 0.5826144105450236 0.12760416666666682 0.1861855746445493 0.10416666666666673
0 0.576338492298578 0.18229166666666682 0.1861855746445493 0.10416666666666673
0 0.5826144105450236 0.23046875000000017 0.1861855746445493 0.10416666666666673
0 0.5784304650473931 0.27604166666666685 0.1861855746445493 0.10416666666666673
0 0.5742465195497628 0.3268229166666669 0.1861855746445493 0.10416666666666673
0 0.576338492298578 0.3867187500000003 0.1861855746445493 0.10416666666666673
0 0.576338492298578 0.432291666666667 0.1861855746445493 0.10416666666666673
0 0.5742465195497628 0.483072916666667 0.1861855746445493 0.10416666666666673
0 0.5742465195497628 0.6328125000000003 0.1861855746445493 0.10416666666666673
0 0.576338492298578 0.6796875000000004 0.1861855746445493 0.10416666666666673
0 0.5847063832938386 0.783854166666667 0.1861855746445493 0.10416666666666673
0 0.8817665136255926 0.8782552083333336 0.16108190165876693 0.09765625000000007
0 0.5805224377962084 0.5351562500000003 0.1861855746445493 0.10416666666666673
0 0.5826144105450236 0.5872395833333337 0.1861855746445493 0.10416666666666673
0 0.8796745408767772 0.8274739583333335 0.16108190165876696 0.11067708333333372
0 0.8817665136255926 0.7819010416666667 0.16108190165876696 0.11067708333333372
0 0.8838584863744076 0.7272135416666667 0.16108190165876696 0.11067708333333372
0 0.8859504591232228 0.6712239583333335 0.16108190165876696 0.11067708333333372
0 0.8859504591232228 0.619140625 0.16108190165876696 0.11067708333333372
0 0.8838584863744076 0.564453125 0.16108190165876696 0.11067708333333372
0 0.8880424318720379 0.5162760416666667 0.16108190165876696 0.11067708333333372
0 0.8943183501184836 0.44205729166666685 0.16108190165876696 0.07942708333333341
0 0.8880424318720382 0.35611979166666685 0.16108190165876696 0.07942708333333341
0 0.8922263773696686 0.2910156250000002 0.16108190165876696 0.07942708333333341
0 0.8901344046208527 0.22786458333333354 0.16108190165876693 0.09375000000000012
0 0.8901344046208527 0.1770833333333335 0.16108190165876693 0.09375000000000012
0 0.8964103228672983 0.1341145833333335 0.16108190165876693 0.09375000000000012
