1 0.5580322498806108 0.11979166666666659 0.33568006805157613 0.09114583333333331
0 0.5637703707020053 0.18619791666666657 0.33568006805157613 0.09114583333333331
1 0.5752466123447942 0.2565104166666666 0.33568006805157613 0.09114583333333331
1 0.572377551934097 0.3255208333333332 0.33568006805157613 0.09114583333333331
1 0.572377551934097 0.39453124999999994 0.33568006805157613 0.09114583333333331
1 0.5895919143982805 0.4635416666666666 0.33568006805157613 0.09114583333333331
1 0.5981990956303721 0.5325520833333333 0.33568006805157613 0.09114583333333331
1 0.6039372164517666 0.6028645833333333 0.33568006805157613 0.09114583333333331
1 0.6125443976838583 0.6692708333333333 0.33568006805157613 0.09114583333333331
0 0.6268896997373444 0.7408854166666667 0.33568006805157613 0.09114583333333331
0 0.6211515789159499 0.8072916666666667 0.33568006805157613 0.09114583333333331
0 0.6297587601480416 0.8763020833333333 0.33568006805157613 0.09114583333333331
1 0.6268896997373444 0.9388020833333333 0.33568006805157613 0.09114583333333331
