1 0.09634974533106963 0.3519849527472693 0.07894736842105267 0.1778193878930841
1 0.13370118845500853 0.3495490707213367 0.07894736842105267 0.1778193878930841
0 0.17614601018675724 0.34467730666947133 0.07894736842105267 0.1778193878930841
0 0.22113752122241093 0.347113188695404 0.07894736842105267 0.1778193878930841
0 0.26443123938879454 0.3495490707213367 0.07894736842105267 0.1778193878930841
0 0.3034804753820033 0.34954907072133673 0.07894736842105267 0.1778193878930841
0 0.3459252971137521 0.3519849527472694 0.07894736842105267 0.1778193878930841
0 0.39770797962648546 0.34467730666947133 0.07894736842105267 0.1778193878930841
0 0.4350594227504244 0.3495490707213367 0.07894736842105267 0.1778193878930841
1 0.47325976230899824 0.3495490707213367 0.07894736842105267 0.1778193878930841
1 0.5140067911714771 0.347113188695404 0.07894736842105267 0.1778193878930841
1 0.5547538200339559 0.33980554261760604 0.07894736842105267 0.1778193878930841
1 0.5955008488964346 0.3300620145138754 0.07894736842105267 0.1778193878930841
1 0.6421901528013582 0.3373696605916734 0.07894736842105267 0.1778193878930841
1 0.681239388794567 0.33980554261760604 0.07894736842105267 0.1778193878930841
1 0.7236842105263156 0.3422414246435387 0.07894736842105267 0.1778193878930841
1 0.7627334465195245 0.3349337785657407 0.07894736842105267 0.1778193878930841
1 0.8060271646859082 0.3300620145138754 0.07894736842105267 0.1778193878930841
0 0.22538200339558565 0.6759572621963129 0.07894736842105267 0.1778193878930841
1 0.26273344651952457 0.668649616118515 0.07894736842105267 0.1778193878930841
0 0.3111205432937181 0.6613419700407169 0.07894736842105267 0.1778193878930841
0 0.3399830220713072 0.6710854981444476 0.07894736842105267 0.1778193878930841
0 0.38752122241086584 0.6662137340925824 0.07894736842105267 0.1778193878930841
1 0.4350594227504244 0.6662137340925824 0.07894736842105267 0.1778193878930841
0 0.4673174872665534 0.668649616118515 0.07894736842105267 0.1778193878930841
1 0.516553480475382 0.661341970040717 0.07894736842105267 0.1778193878930841
1 0.5589983022071308 0.654034323962919 0.07894736842105267 0.1778193878930841
1 0.5997453310696095 0.6662137340925824 0.07894736842105267 0.1778193878930841
1 0.6455857385398981 0.661341970040717 0.07894736842105267 0.1778193878930841
1 0.6880305602716468 0.661341970040717 0.07894736842105267 0.1778193878930841
1 0.7287775891341256 0.654034323962919 0.07894736842105267 0.1778193878930841
1 0.7703735144312394 0.661341970040717 0.07894736842105267 0.1778193878930841
1 0.8094227504244482 0.6589060880147843 0.07894736842105267 0.1778193878930841
1 0.8488964346349743 0.6699379854861243 0.07470288624787777 0.1778193878930841
1 0.8493208828522917 0.33980554261760604 0.07894736842105267 0.1778193878930841
