1 0.1523606601731602 0.62890625 0.12188852813852816 0.05729166666666678
1 0.1523606601731602 0.5924479166666667 0.12188852813852816 0.057291666666666775
1 0.15056818181818182 0.5546875 0.12188852813852816 0.057291666666666775
1 0.14877570346320348 0.5169270833333334 0.12188852813852816 0.057291666666666775
1 0.15056818181818182 0.47916666666666663 0.12188852813852816 0.057291666666666775
1 0.1523606601731602 0.44010416666666663 0.12188852813852816 0.057291666666666775
1 0.15415313852813856 0.40234374999999994 0.12188852813852816 0.057291666666666775
1 0.14877570346320348 0.36328124999999994 0.12188852813852816 0.057291666666666775
1 0.1559456168831169 0.32421874999999994 0.12188852813852816 0.057291666666666775
1 0.1559456168831169 0.2864583333333333 0.12188852813852816 0.057291666666666775
1 0.27962662337662336 0.12890624999999997 0.12188852813852816 0.057291666666666775
1 0.2850040584415585 0.171875 0.12188852813852816 0.057291666666666775
1 0.2814191017316018 0.20833333333333331 0.12188852813852816 0.057291666666666775
1 0.2850040584415584 0.24739583333333331 0.12188852813852816 0.057291666666666775
1 0.2832115800865801 0.2864583333333333 0.12188852813852816 0.057291666666666775
0 0.27783414502164505 0.32682291666666663 0.12188852813852816 0.057291666666666775
1 0.27962662337662336 0.36197916666666663 0.12188852813852816 0.057291666666666775
0 0.27783414502164505 0.39973958333333326 0.12188852813852816 0.057291666666666775
1 0.2814191017316018 0.43749999999999994 0.12188852813852816 0.057291666666666775
1 0.27783414502164505 0.47656249999999994 0.12188852813852816 0.057291666666666775
1 0.27962662337662336 0.5130208333333333 0.12188852813852816 0.057291666666666775
1 0.27604166666666674 0.5572916666666666 0.12188852813852816 0.057291666666666775
1 0.27604166666666674 0.5950520833333333 0.12188852813852816 0.057291666666666775
0 0.2814191017316018 0.6315104166666665 0.12188852813852816 0.057291666666666775
1 0.5269886363636366 0.6341145833333333 0.12188852813852816 0.057291666666666775
1 0.5234036796536798 0.5963541666666665 0.12188852813852816 0.057291666666666775
1 0.5287811147186149 0.5572916666666665 0.12188852813852816 0.057291666666666775
1 0.5269886363636366 0.5169270833333333 0.12188852813852816 0.057291666666666775
1 0.5216112012987013 0.4791666666666666 0.12188852813852816 0.057291666666666775
1 0.5216112012987013 0.4401041666666666 0.12188852813852816 0.057291666666666775
1 0.5305735930735931 0.40234374999999983 0.12188852813852816 0.057291666666666775
1 0.5287811147186148 0.3658854166666666 0.12188852813852816 0.057291666666666775
1 0.5269886363636366 0.3268229166666666 0.12188852813852816 0.057291666666666775
1 0.5269886363636366 0.2864583333333332 0.12188852813852816 0.057291666666666775
1 0.5251961580086583 0.25130208333333326 0.12188852813852816 0.057291666666666775
1 0.5198187229437231 0.2109374999999999 0.12188852813852816 0.057291666666666775
1 0.5269886363636366 0.1718749999999999 0.12188852813852816 0.057291666666666775
1 0.5251961580086583 0.13411458333333323 0.12188852813852816 0.057291666666666775
1 0.650669642857143 0.1328124999999999 0.12188852813852816 0.057291666666666775
1 0.650669642857143 0.17187499999999986 0.12188852813852816 0.057291666666666775
1 0.6524621212121215 0.20833333333333326 0.12188852813852816 0.057291666666666775
1 0.650669642857143 0.24869791666666655 0.12188852813852816 0.057291666666666775
1 0.6560470779220781 0.2864583333333332 0.12188852813852816 0.057291666666666775
1 0.6560470779220781 0.3216145833333332 0.12188852813852816 0.057291666666666775
1 0.650669642857143 0.35937499999999983 0.12188852813852816 0.057291666666666775
1 0.6488771645021647 0.40234374999999983 0.12188852813852816 0.057291666666666775
0 0.6497734036796535 0.4388020833333331 0.16311553030302967 0.057291666666666775
1 0.6488771645021647 0.4791666666666666 0.12188852813852816 0.057291666666666775
1 0.8908617424242421 0.4231770833333332 0.12188852813852807 0.06770833333333355
1 0.8962391774891778 0.3776041666666666 0.12188852813852816 0.057291666666666775
1 0.8998241341991345 0.3411458333333332 0.12188852813852816 0.057291666666666775
1 0.8998241341991344 0.3007812499999999 0.12188852813852816 0.057291666666666775
1 0.8980316558441561 0.2617187499999999 0.12188852813852816 0.057291666666666775
1 0.8998241341991345 0.22526041666666655 0.12188852813852816 0.057291666666666775
0 0.9052015692640696 0.17838541666666655 0.12188852813852816 0.057291666666666775
1 0.8980316558441561 0.1445312499999999 0.12188852813852816 0.057291666666666775
0 0.8980316558441561 0.10937499999999988 0.12188852813852816 0.057291666666666775
0 0.18910646645021656 0.8268229166666664 0.08066152597402602 0.12239583333333348
1 0.23929586038961057 0.8164062499999997 0.08066152597402601 0.09635416666666713
1 0.29844764610389624 0.8190104166666663 0.08066152597402601 0.09635416666666713
1 0.34863704004329016 0.8190104166666663 0.08066152597402601 0.09635416666666713
1 0.4024113906926409 0.8203124999999996 0.08066152597402601 0.09635416666666713
1 0.45439326298701316 0.817708333333333 0.08066152597402601 0.09635416666666713
1 0.5063751352813856 0.8164062499999996 0.08066152597402601 0.09635416666666713
1 0.5601494859307362 0.8190104166666662 0.08066152597402601 0.09635416666666713
1 0.6175087932900436 0.8203124999999996 0.08066152597402601 0.09635416666666713
