0 0.04796264855687607 0.629456706281833 0.044991511035653665 0.34969817015657406
0 0.08446519524617997 0.6434446330880961 0.044991511035653665 0.34969817015657406
0 0.12096774193548387 0.6364506696849646 0.044991511035653665 0.34969817015657406
1 0.15492359932088287 0.6399476513865302 0.044991511035653665 0.34969817015657406
1 0.18887945670628184 0.6399476513865302 0.044991511035653665 0.34969817015657406
1 0.22707979626485567 0.6399476513865302 0.044991511035653665 0.34969817015657406
1 0.26103565365025466 0.6504385964912275 0.044991511035653665 0.34969817015657406
1 0.29838709677419356 0.641696142237313 0.04499151103565366 0.3531951518581397
1 0.3348896434634975 0.6381991605357473 0.04499151103565366 0.3531951518581397
0 0.36799660441426146 0.6486901056404446 0.04499151103565366 0.3531951518581397
1 0.4061969439728353 0.6521870873420103 0.04499151103565366 0.3531951518581397
1 0.4418505942275043 0.6451931239388788 0.04499151103565366 0.3531951518581397
0 0.47665534804753834 0.6521870873420103 0.04499151103565366 0.3531951518581397
0 0.5140067911714772 0.6521870873420103 0.04499151103565366 0.3531951518581397
0 0.5488115449915112 0.6451931239388788 0.04499151103565366 0.3531951518581397
0 0.5810696095076401 0.655684069043576 0.04499151103565366 0.3531951518581397
0 0.6175721561969442 0.6591810507451419 0.04499151103565366 0.3531951518581397
1 0.6540747028862479 0.655684069043576 0.04499151103565366 0.3531951518581397
0 0.6905772495755518 0.6591810507451419 0.04499151103565366 0.3531951518581397
0 0.7262308998302207 0.655684069043576 0.04499151103565366 0.3531951518581397
1 0.7601867572156196 0.6731689775514047 0.04499151103565366 0.3531951518581397
0 0.7983870967741935 0.6731689775514047 0.04499151103565366 0.3531951518581397
0 0.8348896434634977 0.6906538860592336 0.04499151103565366 0.3182253348424826
0 0.8696943972835318 0.6766659592529706 0.04499151103565366 0.3182253348424826
0 0.904499151103566 0.6696719958498386 0.04499151103565366 0.3392072250518763
0 0.9410016977928699 0.6661750141482728 0.04499151103565366 0.3392072250518763
0 0.9401528013582349 0.36193760611205333 0.04499151103565366 0.3392072250518763
1 0.9061969439728359 0.35844062441048746 0.04499151103565366 0.3392072250518763
0 0.8705432937181671 0.33745873420109307 0.04499151103565366 0.3392072250518763
1 0.8340407470288631 0.34794967930579035 0.04499151103565366 0.3392072250518763
0 0.8000848896434641 0.35144666100735605 0.04499151103565366 0.3392072250518763
0 0.7635823429541603 0.34445269760422464 0.04499151103565366 0.3392072250518763
1 0.7287775891341262 0.34445269760422464 0.04499151103565366 0.3392072250518763
0 0.6922750424448223 0.3409557159026589 0.04499151103565366 0.3392072250518763
0 0.6600169779286934 0.3514466610073561 0.04499151103565366 0.3392072250518763
0 0.6192699490662146 0.3479496793057904 0.04499151103565366 0.3392072250518763
0 0.5870118845500856 0.3479496793057904 0.04499151103565366 0.3392072250518763
1 0.5505093378607816 0.3514466610073562 0.04499151103565366 0.3392072250518763
1 0.5123089983022079 0.3549436427089219 0.04499151103565366 0.3392072250518763
0 0.4783531409168089 0.35844062441048763 0.04499151103565366 0.3392072250518763
1 0.4410016977928701 0.3514466610073562 0.04499151103565366 0.3392072250518763
1 0.40704584040747105 0.3584406244104877 0.04499151103565366 0.3392072250518763
0 0.37224108658743715 0.34794967930579046 0.04499151103565366 0.3392072250518763
1 0.3348896434634983 0.354943642708922 0.04499151103565366 0.3392072250518763
1 0.3009337860780993 0.3514466610073562 0.04499151103565366 0.3392072250518763
1 0.2661290322580653 0.3374587342010933 0.04499151103565366 0.3392072250518763
1 0.2287775891341264 0.33046477079796177 0.04499151103565366 0.3392072250518763
1 0.19397283531409248 0.3374587342010933 0.04499151103565366 0.3392072250518763
1 0.15662139219015359 0.33046477079796177 0.04499151103565366 0.3392072250518763
0 0.12181663837011963 0.33046477079796177 0.04499151103565366 0.3392072250518763
1 0.08616298811545071 0.33046477079796177 0.04499151103565366 0.3392072250518763
1 0.051358234295416756 0.31997382569326455 0.04499151103565366 0.3392072250518763
