1 0.2777463376030625 0.6458333333333336 0.42811855859835113 0.0911458333333335
1 0.26005548807420503 0.7786458333333336 0.42811855859835113 0.0911458333333335
0 0.23705738368669022 0.7109375000000006 0.47411476737338043 0.09114583333333355
1 0.26005548807420503 0.7786458333333336 0.42811855859835113 0.0911458333333335
0 0.2848226774146055 0.5742187500000003 0.42811855859835113 0.0911458333333335
0 0.2777463376030625 0.5065104166666669 0.42811855859835113 0.0911458333333335
0 0.2777463376030625 0.44010416666666685 0.42811855859835113 0.0911458333333335
0 0.288360847320377 0.36979166666666685 0.42811855859835113 0.0911458333333335
0 0.29189901722614847 0.3007812500000002 0.42811855859835113 0.0911458333333335
0 0.309589866755006 0.23828125000000025 0.42811855859835113 0.0911458333333335
0 0.29189901722614847 0.1692708333333336 0.42811855859835113 0.0911458333333335
0 0.29543718713191996 0.0911458333333336 0.42811855859835113 0.0911458333333335
1 0.6775595369552415 0.09765625000000026 0.42811855859835113 0.0911458333333335
0 0.6704831971436984 0.16666666666666693 0.42811855859835113 0.0911458333333335
1 0.67402136704947 0.2356770833333336 0.42811855859835113 0.0911458333333335
0 0.6881740466725559 0.2968750000000003 0.42811855859835113 0.0911458333333335
1 0.6634068573321553 0.36458333333333365 0.42811855859835113 0.0911458333333335
0 0.652792347614841 0.43750000000000044 0.42811855859835113 0.0911458333333335
1 0.638639667991755 0.5078125000000004 0.42811855859835113 0.0911458333333335
1 0.638639667991755 0.5820312500000003 0.42811855859835113 0.0911458333333335
0 0.631563328180212 0.6419270833333337 0.42811855859835113 0.0911458333333335
0 0.6280251582744405 0.7161458333333337 0.42811855859835113 0.0911458333333335
1 0.624486988368669 0.7864583333333337 0.42811855859835113 0.0911458333333335
0 0.6209488184628975 0.8450520833333337 0.42811855859835113 0.0911458333333335
1 0.252979148262662 0.846354166666667 0.42811855859835113 0.0911458333333335
