1 0.14187446259673256 0.8735196437875382 0.06190885640584694 0.1573293015435659
1 0.1874462596732588 0.8721515629045506 0.06190885640584694 0.1573293015435659
1 0.22441960447119516 0.8680473202555881 0.06190885640584694 0.1573293015435659
1 0.26741186586414434 0.8680473202555881 0.06190885640584694 0.1573293015435659
1 0.3086844368013757 0.8680473202555881 0.06190885640584694 0.1573293015435659
1 0.35167669819432495 0.8639430776066256 0.06190885640584694 0.1573293015435659
0 0.3886500429922613 0.8598388349576629 0.06190885640584694 0.1573293015435659
1 0.4307824591573516 0.8584707540746754 0.06190885640584694 0.1573293015435659
1 0.4729148753224418 0.8612069158406506 0.06190885640584694 0.1573293015435659
1 0.5116079105760962 0.8612069158406506 0.06190885640584694 0.1573293015435659
0 0.5563198624247635 0.8557345923087004 0.06190885640584694 0.1573293015435659
1 0.6001719690455717 0.8571026731916881 0.06190885640584694 0.1573293015435659
1 0.6380051590713671 0.8502622687767503 0.06190885640584694 0.1573293015435659
1 0.6766981943250215 0.8502622687767503 0.06190885640584694 0.1573293015435659
1 0.7179707652622528 0.8475261070107752 0.06190885640584694 0.1573293015435659
1 0.760103181427343 0.8434218643618127 0.06190885640584694 0.1573293015435659
0 0.7987962166809974 0.8434218643618127 0.06190885640584694 0.1573293015435659
1 0.8392089423903697 0.8434218643618127 0.06190885640584694 0.1573293015435659
0 0.8822012037833189 0.8393176217128502 0.06190885640584694 0.1573293015435659
1 0.13757523645743752 0.6751479157543464 0.061908856405846924 0.14912081624564097
1 0.09630266552020628 0.6758319561958401 0.06190885640584694 0.14775273536265315
1 0.1771281169389508 0.6717277135468774 0.06190885640584694 0.14775273536265326
1 0.22012037833190015 0.6642032686904464 0.061908856405846924 0.14912081624564047
0 0.26225279449699046 0.6642032686904461 0.06190885640584694 0.1573293015435659
1 0.3009458297506448 0.6642032686904461 0.06190885640584694 0.1573293015435659
1 0.34221840068787607 0.6573628642755085 0.06190885640584694 0.1573293015435659
0 0.3834909716251074 0.6600990260414836 0.06190885640584694 0.1573293015435659
1 0.42820292347377475 0.6587309451584961 0.06190885640584694 0.1573293015435659
0 0.47119518486672396 0.6559947833925208 0.06190885640584694 0.1573293015435659
1 0.5090283748925194 0.6450501363286206 0.06190885640584694 0.1573293015435659
1 0.5477214101461737 0.6450501363286206 0.06190885640584694 0.1573293015435659
0 0.589853826311264 0.6409458936796579 0.06190885640584694 0.1573293015435659
1 0.6294067067927774 0.6436820554456331 0.06190885640584694 0.1573293015435659
0 0.6680997420464316 0.635473570147708 0.06190885640584694 0.1573293015435659
0 0.7102321582115221 0.635473570147708 0.06190885640584694 0.1573293015435659
0 0.7489251934651763 0.635473570147708 0.06190885640584694 0.1573293015435659
0 0.7936371453138436 0.6313693274987454 0.06190885640584694 0.1573293015435659
0 0.8357695614789339 0.6245289230838078 0.06190885640584694 0.1573293015435659
0 0.8779019776440242 0.6204246804348452 0.06190885640584694 0.1573293015435659
0 0.17454858125537412 0.3632254744331895 0.06190885640584694 0.1573293015435659
1 0.21152192605331052 0.3632254744331895 0.06190885640584694 0.1573293015435659
1 0.2545141874462598 0.3604893126672144 0.06190885640584694 0.1573293015435659
1 0.2906276870163372 0.3591212317842269 0.06190885640584694 0.1573293015435659
0 0.3353396388650044 0.3591212317842269 0.06190885640584694 0.1573293015435659
1 0.3791917454858127 0.3563850700182518 0.06190885640584694 0.1573293015435659
0 0.41358555460017216 0.35228082736928923 0.06190885640584694 0.1573293015435659
0 0.4600171969045573 0.34817658472032664 0.06190885640584694 0.1573293015435659
1 0.5012897678417887 0.34817658472032664 0.06190885640584694 0.1573293015435659
1 0.539982803095443 0.34817658472032664 0.06190885640584694 0.1573293015435659
0 0.5838349097162513 0.3399680994224014 0.06190885640584694 0.1573293015435659
1 0.6233877901977646 0.33449577589045126 0.06190885640584694 0.1573293015435659
0 0.663800515907137 0.33586385677343883 0.06190885640584694 0.1573293015435659
1 0.7042132416165091 0.32765537147551366 0.06190885640584694 0.1573293015435659
0 0.7480653482373172 0.3303915332414887 0.06190885640584694 0.1573293015435659
1 0.7841788478073947 0.32628729059252615 0.06190885640584694 0.1573293015435659
0 0.828030954428203 0.32355112882655107 0.06190885640584694 0.1573293015435659
0 0.8727429062768702 0.320814967060576 0.06190885640584694 0.1573293015435659
1 0.29922613929492703 0.14980485668713467 0.06190885640584694 0.1573293015435659
0 0.3336199484092864 0.15117293757012218 0.06190885640584694 0.1573293015435659
1 0.3826311263972486 0.14980485668713467 0.06190885640584694 0.1573293015435659
1 0.42562338779019787 0.142964452272197 0.06190885640584694 0.1573293015435659
1 0.46517626827171127 0.14433253315518452 0.06190885640584694 0.1573293015435659
1 0.5064488392089426 0.14022829050622193 0.06190885640584694 0.1573293015435659
1 0.5485812553740329 0.13886020962323442 0.06190885640584694 0.1573293015435659
0 0.5803955288048154 0.1292836434423217 0.06190885640584694 0.1573293015435659
0 0.6251074806534825 0.12654748167634666 0.06190885640584694 0.1573293015435659
0 0.6715391229578678 0.12244323902738405 0.06190885640584694 0.1573293015435659
