0 0.08727429062768702 0.7215976454634643 0.05588993981083404 0.38050992231090036
0 0.13800515907136718 0.7078855761909995 0.05932932072226998 0.38050992231090036
0 0.1956147893379192 0.718169628145348 0.05932932072226998 0.38050992231090036
0 0.25150472914875327 0.7147416108272319 0.05932932072226998 0.38050992231090036
0 0.2979363714531385 0.718169628145348 0.05932932072226998 0.38050992231090036
1 0.35339638865004297 0.7181696281453482 0.06362854686156486 0.3805099223109005
1 0.4049871023215821 0.7250256627815808 0.06362854686156486 0.3805099223109005
0 0.46173688736027513 0.7215976454634644 0.06362854686156486 0.3805099223109005
1 0.5107480653482372 0.7215976454634644 0.06362854686156486 0.3805099223109005
1 0.5649183147033533 0.7250256627815808 0.06362854686156486 0.3805099223109005
1 0.6139294926913155 0.7181696281453482 0.06362854686156486 0.3805099223109005
0 0.6715391229578676 0.7215976454634644 0.06362854686156486 0.3805099223109005
0 0.7214101461736887 0.7181696281453482 0.06362854686156486 0.3805099223109005
1 0.7773000859845227 0.714741610827232 0.06362854686156486 0.3805099223109005
1 0.8284608770421322 0.7010295415547674 0.05588993981083426 0.38050992231090075
