1 0.1827171109200342 0.5910113102718428 0.12123817712811653 0.37107155031620837
1 0.23946689595872722 0.6057558751850697 0.12123817712811652 0.35141213043190594
0 0.2936371453138434 0.5811816003296917 0.12123817712811653 0.4103903900848136
1 0.35769561478933753 0.6241865813266032 0.10318142734307777 0.3243804280909902
0 0.409716251074806 0.6291014362976785 0.1109200343938085 0.32438042809098994
0 0.4681857265692171 0.6180430126127582 0.1109200343938085 0.3317527105476033
1 0.5249355116079101 0.6278727225549093 0.1109200343938085 0.3317527105476033
1 0.5808254514187441 0.6278727225549093 0.1109200343938085 0.3317527105476033
1 0.6392949269131551 0.6303301500404471 0.1109200343938085 0.3317527105476033
0 0.6960447119518481 0.6377024324970606 0.1109200343938085 0.3317527105476033
1 0.7545141874462593 0.6352450050115227 0.1109200343938085 0.3317527105476033
0 0.8104041272570933 0.6475321424392118 0.1109200343938085 0.3317527105476033
0 0.8766122098022352 0.6377024324970606 0.1109200343938085 0.3317527105476033
1 0.23774720550300907 0.3747576915445148 0.1109200343938085 0.3317527105476033
1 0.2876182287188302 0.3624705541168258 0.1109200343938085 0.3317527105476033
1 0.3469475494411002 0.3673854090879014 0.1109200343938085 0.3317527105476033
1 0.3985382631126393 0.36492798160236356 0.1109200343938085 0.3317527105476033
0 0.45786758383490933 0.36738540908790135 0.1109200343938085 0.3317527105476033
0 0.5214961306964743 0.372300264058977 0.1109200343938085 0.3317527105476033
1 0.5773860705073084 0.37721511903005256 0.1109200343938085 0.3317527105476033
1 0.6332760103181425 0.36984283657343914 0.1109200343938085 0.3317527105476033
1 0.6908856405846947 0.37721511903005256 0.1109200343938085 0.3317527105476033
0 0.7502149613069646 0.37475769154451477 0.1109200343938085 0.3317527105476033
1 0.8026655202063628 0.37475769154451477 0.1109200343938085 0.3317527105476033
1 0.8654342218400689 0.37967254651559046 0.1109200343938085 0.3317527105476033
