0 0.03989813242784381 0.7514197061061999 0.03395585738539899 0.47737251917335044
0 0.0696095076400679 0.6806978514138516 0.033955857385398976 0.4420115918271763
0 0.09252971137521224 0.6924848271959099 0.033955857385398976 0.4420115918271763
0 0.12308998302207129 0.6924848271959099 0.033955857385398976 0.4420115918271763
0 0.1502546689303905 0.6806978514138516 0.033955857385398976 0.4420115918271763
0 0.17402376910016978 0.6924848271959099 0.033955857385398976 0.4420115918271763
0 0.20543293718166386 0.6689108756317936 0.033955857385398976 0.4420115918271763
0 0.23174872665534807 0.6630173877407646 0.033955857385398976 0.4420115918271763
0 0.2614601018675722 0.6689108756317936 0.033955857385398976 0.4420115918271763
0 0.28777589134125636 0.6571238998497355 0.033955857385398976 0.4420115918271763
0 0.3132427843803056 0.6571238998497355 0.033955857385398976 0.4420115918271763
0 0.34210526315789475 0.6571238998497355 0.033955857385398976 0.4420115918271763
1 0.3692699490662139 0.6571238998497355 0.033955857385398976 0.4420115918271763
0 0.3938879456706282 0.6394434361766486 0.033955857385398976 0.4420115918271763
0 0.42105263157894735 0.6453369240676775 0.033955857385398976 0.4420115918271763
0 0.4507640067911714 0.6335499482856196 0.033955857385398976 0.4420115918271763
0 0.4770797962648557 0.6394434361766486 0.033955857385398976 0.4420115918271763
0 0.5033955857385398 0.6276564603945906 0.033955857385398976 0.4420115918271763
0 0.531409168081494 0.6040825088304745 0.033955857385398976 0.4420115918271763
0 0.5577249575551783 0.6040825088304745 0.033955857385398976 0.4420115918271763
0 0.5882852292020374 0.6040825088304745 0.033955857385398976 0.4420115918271763
0 0.6188455008488964 0.5981890209394455 0.033955857385398976 0.4420115918271763
0 0.6460101867572158 0.5805085572663584 0.033955857385398976 0.4420115918271763
1 0.668081494057725 0.5628280935932714 0.033955857385398976 0.4420115918271763
0 0.697792869269949 0.5628280935932714 0.033955857385398976 0.4420115918271763
1 0.7275042444821732 0.5510411178112132 0.033955857385398976 0.4420115918271763
0 0.7504244482173175 0.5510411178112132 0.033955857385398976 0.4420115918271763
1 0.7801358234295417 0.5274671662470972 0.033955857385398976 0.4420115918271763
0 0.8047538200339558 0.5274671662470972 0.033955857385398976 0.4420115918271763
1 0.83446519524618 0.5333606541381262 0.033955857385398976 0.4420115918271763
0 0.8599320882852293 0.5392541420291552 0.033955857385398976 0.4420115918271763
0 0.8904923599320882 0.5274671662470971 0.033955857385398976 0.4420115918271763
0 0.9210526315789473 0.497999726791952 0.033955857385398976 0.4420115918271763
0 0.9490662139219015 0.5038932146829811 0.033955857385398976 0.4420115918271763
1 0.9728353140916808 0.5038932146829811 0.033955857385398976 0.4420115918271763
