1 0.7986540841584155 0.11067708333333331 0.2205806518151814 0.04166666666666662
1 0.8024571988448842 0.13932291666666663 0.2205806518151814 0.04166666666666662
1 0.8062603135313529 0.1731770833333333 0.2205806518151814 0.04166666666666662
1 0.8062603135313529 0.2057291666666666 0.2205806518151814 0.04166666666666662
1 0.8024571988448842 0.23437499999999997 0.2205806518151814 0.04166666666666662
0 0.7986540841584155 0.26822916666666663 0.2205806518151814 0.04166666666666662
1 0.7986540841584155 0.30208333333333326 0.2205806518151814 0.04166666666666662
0 0.7986540841584155 0.3333333333333332 0.2205806518151814 0.04166666666666662
0 0.8024571988448842 0.36328124999999983 0.2205806518151814 0.04166666666666662
0 0.8024571988448842 0.39453124999999983 0.2205806518151814 0.04166666666666662
0 0.8024571988448842 0.42578124999999983 0.2205806518151814 0.04166666666666662
1 0.7948509694719469 0.4635416666666666 0.2205806518151814 0.04166666666666662
1 0.8024571988448842 0.5208333333333333 0.2205806518151814 0.04166666666666662
0 0.8062603135313529 0.5559895833333331 0.2205806518151814 0.04166666666666662
0 0.8100634282178215 0.5872395833333331 0.2205806518151814 0.04166666666666662
0 0.8138665429042902 0.6197916666666664 0.2205806518151814 0.04166666666666662
0 0.8024571988448842 0.6549479166666664 0.2205806518151814 0.04166666666666662
1 0.7910478547854782 0.6835937499999999 0.2205806518151814 0.04166666666666662
1 0.7948509694719469 0.7148437499999999 0.2205806518151814 0.04166666666666662
1 0.7948509694719469 0.7473958333333331 0.2205806518151814 0.04166666666666662
1 0.7910478547854782 0.7825520833333331 0.2205806518151814 0.04166666666666662
1 0.7948509694719469 0.8124999999999999 0.2205806518151814 0.04166666666666662
1 0.7910478547854782 0.8450520833333331 0.2205806518151814 0.04166666666666662
1 0.7948509694719469 0.8789062499999999 0.2205806518151814 0.04166666666666662
1 0.4031301567656763 0.9414062499999999 0.2205806518151814 0.04166666666666662
1 0.41453950082508223 0.9140624999999999 0.2205806518151814 0.04166666666666662
1 0.41073638613861363 0.8802083333333331 0.2205806518151814 0.04166666666666662
0 0.42214573019801954 0.8463541666666664 0.2205806518151814 0.04166666666666662
1 0.4335550742574255 0.8151041666666664 0.2205806518151814 0.04166666666666662
1 0.4335550742574255 0.7825520833333331 0.2205806518151814 0.04166666666666662
1 0.4335550742574255 0.7486979166666664 0.2205806518151814 0.04166666666666662
1 0.44116130363036277 0.7187499999999999 0.2205806518151814 0.04166666666666662
1 0.42594884488448814 0.6874999999999999 0.2205806518151814 0.04166666666666662
1 0.43355507425742545 0.6575520833333331 0.2205806518151814 0.04166666666666662
0 0.4107363861386136 0.6249999999999998 0.2205806518151814 0.04166666666666662
1 0.42214573019801954 0.5924479166666664 0.2205806518151814 0.04166666666666662
0 0.41073638613861363 0.5572916666666664 0.2205806518151814 0.04166666666666662
1 0.4259488448844882 0.5299479166666664 0.2205806518151814 0.04166666666666662
0 0.41453950082508223 0.49348958333333315 0.2205806518151814 0.04166666666666662
1 0.41453950082508223 0.4609374999999998 0.2205806518151814 0.04166666666666662
1 0.4183426155115509 0.2057291666666665 0.2205806518151814 0.04166666666666662
1 0.42214573019801954 0.17447916666666646 0.2205806518151814 0.04166666666666662
1 0.4183426155115509 0.14062499999999978 0.2205806518151814 0.04166666666666662
1 0.4259488448844882 0.11458333333333315 0.2205806518151814 0.04166666666666662
