0 0.34996594005449594 0.162109375 0.36746423705722076 0.08723958333333331
0 0.36454785422343355 0.23307291666666669 0.3557987057220713 0.07812499999999983
0 0.36892242847411455 0.2955729166666665 0.34704955722070857 0.0781249999999998
0 0.37038061989100846 0.3606770833333332 0.34413317438692137 0.0781249999999998
0 0.361631471389646 0.42187499999999983 0.34413317438692137 0.0781249999999998
0 0.3587150885558586 0.49218749999999983 0.34413317438692137 0.0781249999999998
0 0.37038061989100846 0.5546874999999998 0.34413317438692137 0.0781249999999998
0 0.373297002724796 0.6158854166666664 0.34413317438692137 0.0781249999999998
1 0.3587150885558586 0.680989583333333 0.34413317438692137 0.0781249999999998
0 0.3674642370572209 0.7408854166666664 0.34413317438692137 0.0781249999999998
0 0.37038061989100846 0.8085937499999997 0.34413317438692137 0.0781249999999998
1 0.662018903269755 0.809895833333333 0.34413317438692137 0.0781249999999998
0 0.6824335831062678 0.7447916666666664 0.373297002724796 0.07812499999999976
0 0.6663934775204368 0.6822916666666664 0.33538402588555855 0.07812499999999976
0 0.6693098603542244 0.6210937499999997 0.33538402588555855 0.07812499999999976
0 0.6838917745231617 0.5572916666666664 0.33538402588555855 0.07812499999999976
0 0.6868081573569492 0.4934895833333331 0.33538402588555855 0.07812499999999976
0 0.6722262431880119 0.4218749999999997 0.33538402588555855 0.07812499999999976
0 0.6780590088555869 0.3632812499999997 0.33538402588555855 0.07812499999999976
0 0.6809753916893743 0.2994791666666664 0.33538402588555855 0.07812499999999976
0 0.6868081573569492 0.23567708333333307 0.33538402588555855 0.07812499999999976
0 0.6780590088555869 0.17317708333333307 0.33538402588555855 0.07812499999999976
