0 0.18972652316213495 0.20052083333333337 0.08284554380664652 0.17708333333333331
0 0.29865307150050346 0.2102864583333332 0.07159491440080563 0.16276041666666674
0 0.36002014098690827 0.2063802083333332 0.07159491440080563 0.16276041666666674
0 0.4193416414904329 0.20768229166666657 0.07159491440080563 0.16276041666666674
0 0.4776403575025175 0.2102864583333332 0.07159491440080563 0.16276041666666674
0 0.5359390735146021 0.21158854166666657 0.07159491440080563 0.16276041666666674
0 0.5932150050352467 0.2089843749999999 0.07159491440080563 0.16276041666666674
0 0.6556048590130916 0.2102864583333332 0.07159491440080563 0.16276041666666674
0 0.7149263595166162 0.2102864583333332 0.07159491440080563 0.16276041666666674
0 0.7711795065458206 0.2063802083333332 0.07159491440080563 0.16276041666666674
0 0.8294782225579053 0.2102864583333332 0.07159491440080563 0.16276041666666674
0 0.8857313695871097 0.2141927083333332 0.07159491440080563 0.16276041666666674
0 0.06750377643504542 0.6451822916666665 0.07159491440080563 0.16276041666666674
0 0.12580249244713002 0.6438802083333333 0.07159491440080563 0.16276041666666674
0 0.18512399295065468 0.6451822916666665 0.07159491440080563 0.16276041666666674
0 0.2485366314199397 0.6490885416666665 0.07159491440080563 0.16276041666666674
0 0.3006986404833838 0.6464843749999999 0.07159491440080563 0.16276041666666674
0 0.35695178751258816 0.6503906249999999 0.07159491440080563 0.16276041666666674
0 0.41627328801611285 0.6529947916666665 0.07159491440080563 0.16276041666666674
0 0.47457200402819744 0.6542968749999999 0.07159491440080563 0.16276041666666674
0 0.5318479355488419 0.6542968749999999 0.07159491440080563 0.16276041666666674
0 0.5891238670694865 0.6542968749999999 0.07159491440080563 0.16276041666666674
0 0.646399798590131 0.6555989583333333 0.07159491440080563 0.16276041666666674
0 0.709812437059416 0.6582031249999999 0.07159491440080563 0.16276041666666674
0 0.7660655840886205 0.6582031249999999 0.07159491440080563 0.16276041666666674
0 0.8243643001007049 0.6621093749999999 0.07159491440080563 0.16276041666666674
0 0.8785718781470293 0.6608072916666665 0.07159491440080563 0.16276041666666674
0 0.06648099194360535 0.802734375 0.07159491440080563 0.16276041666666674
0 0.12682527693857013 0.7962239583333333 0.07159491440080563 0.16276041666666674
0 0.18410120845921463 0.794921875 0.07159491440080563 0.16276041666666674
0 0.24546827794561946 0.7923177083333333 0.07159491440080563 0.16276041666666674
0 0.3006986404833838 0.787109375 0.07159491440080563 0.16276041666666674
0 0.3589973564954683 0.7858072916666665 0.07159491440080563 0.16276041666666674
0 0.41627328801611285 0.7858072916666665 0.07159491440080563 0.16276041666666674
0 0.4796859264853978 0.7845052083333333 0.07159491440080563 0.16276041666666674
0 0.5359390735146023 0.7805989583333333 0.07159491440080563 0.16276041666666674
0 0.595260574018127 0.7858072916666665 0.07159491440080563 0.16276041666666674
0 0.6474225830815711 0.7819010416666665 0.07159491440080563 0.16276041666666674
0 0.7087896525679759 0.787109375 0.07159491440080563 0.16276041666666674
0 0.7691339375629407 0.7923177083333333 0.07159491440080563 0.16276041666666674
0 0.8223187311178249 0.7962239583333333 0.07159491440080563 0.16276041666666674
0 0.8847085850956699 0.7923177083333333 0.07159491440080563 0.16276041666666674
