1 0.6201518173758861 0.10807291666666664 0.3620345744680848 0.07291666666666664
1 0.6201518173758861 0.16536458333333331 0.3620345744680848 0.07291666666666664
1 0.6100953014184393 0.22656249999999997 0.3620345744680848 0.07291666666666664
1 0.6067431294326237 0.28255208333333326 0.3620345744680848 0.07291666666666664
0 0.603390957446808 0.33854166666666663 0.3620345744680848 0.07291666666666664
1 0.6100953014184393 0.3971354166666666 0.3620345744680848 0.07291666666666664
1 0.603390957446808 0.45312499999999983 0.3620345744680848 0.07291666666666664
1 0.603390957446808 0.5169270833333333 0.3620345744680848 0.07291666666666664
0 0.603390957446808 0.5651041666666665 0.3620345744680848 0.07291666666666664
0 0.6067431294326237 0.6276041666666665 0.3620345744680848 0.07291666666666664
1 0.3050476507092194 0.6874999999999999 0.3620345744680848 0.07291666666666664
1 0.291638962765957 0.7460937499999999 0.3620345744680848 0.07291666666666664
0 0.31510416666666624 0.6289062499999999 0.3620345744680848 0.07291666666666664
0 0.308399822695035 0.5690104166666664 0.3620345744680848 0.07291666666666664
1 0.3050476507092194 0.5104166666666665 0.3620345744680848 0.07291666666666664
1 0.291638962765957 0.45312499999999983 0.3620345744680848 0.07291666666666664
0 0.3016954787234038 0.39583333333333315 0.3620345744680848 0.07291666666666664
1 0.2983433067375882 0.33723958333333315 0.3620345744680848 0.07291666666666664
1 0.31175199468085063 0.2786458333333332 0.3620345744680848 0.07291666666666664
1 0.31175199468085063 0.2213541666666665 0.3620345744680848 0.07291666666666664
1 0.2983433067375882 0.16145833333333315 0.3620345744680848 0.07291666666666664
0 0.3050476507092194 0.11067708333333315 0.3620345744680848 0.07291666666666664
