1 0.09518793051240369 0.4422442244224422 0.09008857709209642 0.3630363036303628
1 0.1436317880053234 0.43894389438943887 0.09008857709209642 0.3630363036303628
1 0.19632510668183248 0.4422442244224422 0.09008857709209642 0.3630363036303628
1 0.2430691797013164 0.43894389438943887 0.09008857709209642 0.3630363036303628
0 0.298737121206338 0.4075907590759076 0.09773760722255749 0.39273927392739266
1 0.3943499978371006 0.4158415841584159 0.09008857709209642 0.3630363036303628
0 0.44194396309330236 0.41254125412541254 0.09008857709209642 0.3630363036303628
0 0.49548717400652925 0.41914191419141916 0.09008857709209642 0.3630363036303628
0 0.543081139262731 0.40924092409240925 0.09008857709209642 0.3630363036303628
0 0.6008738113595475 0.40924092409240925 0.09008857709209642 0.3630363036303628
1 0.0943380382756855 0.693069306930693 0.09008857709209642 0.3630363036303628
1 0.14193200353188729 0.6996699669966996 0.09008857709209642 0.3630363036303628
1 0.190375861024807 0.6897689768976898 0.09008857709209642 0.3630363036303628
1 0.24051950299116245 0.6980198019801979 0.09008857709209642 0.38613861386138587
1 0.2923629294309537 0.6914191419141913 0.09008857709209642 0.38613861386138587
1 0.34250657139730917 0.6947194719471946 0.09008857709209642 0.38613861386138587
0 0.3947749439554595 0.6881188118811882 0.09773760722255742 0.3861386138613859
0 0.4423689092116613 0.6848184818481848 0.09773760722255742 0.3861386138613859
0 0.4891129822311452 0.6914191419141915 0.09773760722255742 0.3861386138613859
0 0.5392566241975008 0.674917491749175 0.09773760722255742 0.3861386138613859
0 0.6913873345700029 0.674917491749175 0.09773760722255742 0.3861386138613859
0 0.7440806532465118 0.6485148514851485 0.09773760722255742 0.3861386138613859
0 0.7942242952128674 0.6617161716171617 0.09773760722255742 0.3861386138613859
0 0.8401184759956335 0.6584158415841586 0.09773760722255742 0.3861386138613859
0 0.890262117961989 0.6551155115511551 0.09773760722255742 0.3861386138613859
0 0.7483301144301013 0.3844884488448846 0.09773760722255741 0.3531353135313529
0 0.8010234331066105 0.3877887788778879 0.09773760722255741 0.3531353135313529
0 0.850317182836248 0.3877887788778879 0.09773760722255741 0.3531353135313529
0 0.9064100704596288 0.3877887788778879 0.09773760722255741 0.3531353135313529
