0 0.1874462596732588 0.6800430372794676 0.07050730868443678 0.3557148195000293
1 0.23559759243336204 0.6748119369927026 0.07050730868443678 0.3557148195000293
1 0.28890799656061905 0.6721963868493199 0.07050730868443678 0.3557148195000293
0 0.3404987102321582 0.6787352622077764 0.06534823731728283 0.3478681690698815
1 0.38950988822012045 0.668273061634246 0.06534823731728283 0.3478681690698815
0 0.4402407566638006 0.6735041619210114 0.06534823731728283 0.3478681690698815
1 0.49441100601891663 0.6735041619210114 0.06534823731728283 0.3478681690698815
0 0.5399828030954429 0.6708886117776288 0.06534823731728283 0.3478681690698815
0 0.5941530524505589 0.6761197120643938 0.06534823731728283 0.3478681690698815
1 0.6440240756663802 0.668273061634246 0.06534823731728283 0.3478681690698815
0 0.6973344797936373 0.6630419613474811 0.06534823731728283 0.3478681690698815
1 0.7446259673258815 0.6604264112040985 0.06534823731728283 0.3478681690698815
0 0.7944969905417026 0.657810861060716 0.06534823731728283 0.3478681690698815
0 0.8460877042132418 0.6630419613474813 0.06534823731728283 0.3478681690698815
1 0.8993981083404988 0.6630419613474813 0.06534823731728283 0.3478681690698815
1 0.8976784178847808 0.3622536948584859 0.06534823731728283 0.3478681690698815
1 0.8417884780739467 0.3413292937114253 0.06534823731728283 0.3478681690698815
1 0.7944969905417026 0.3465603939981905 0.06534823731728283 0.3478681690698815
1 0.7411865864144456 0.3465603939981905 0.06534823731728283 0.3478681690698815
0 0.6964746345657784 0.3544070444283382 0.06534823731728283 0.3478681690698815
0 0.6414445399828033 0.34917594414157305 0.06534823731728283 0.3478681690698815
0 0.5889939810834052 0.35179149428495565 0.06534823731728283 0.3478681690698815
1 0.5356835769561481 0.34917594414157305 0.06534823731728283 0.3478681690698815
1 0.49183147033533986 0.3596381447151033 0.06534823731728283 0.3478681690698815
0 0.4368013757523649 0.35179149428495565 0.06534823731728283 0.3478681690698815
1 0.3869303525365437 0.36486924500186846 0.06534823731728283 0.3478681690698815
1 0.3379191745485815 0.36486924500186846 0.06534823731728283 0.3478681690698815
1 0.2871883061049013 0.3622536948584859 0.06534823731728283 0.3478681690698815
1 0.23731728288908016 0.37010034528863356 0.06534823731728283 0.3478681690698815
1 0.1771281169389512 0.35702259457172075 0.06534823731728283 0.3478681690698815
