0 0.3315668706293707 0.220703125 0.3575721153846154 0.08203125
0 0.32181490384615385 0.28971354166666663 0.3575721153846154 0.08203125
0 0.3315668706293707 0.36002604166666663 0.3575721153846154 0.08203125
0 0.3250655594405595 0.42252604166666674 0.3575721153846154 0.08203125
0 0.3250655594405595 0.4954427083333334 0.3575721153846154 0.08203125
0 0.32831621503496505 0.5670572916666667 0.3575721153846154 0.08203125
0 0.34131883741258745 0.6334635416666667 0.3575721153846154 0.08203125
0 0.33481752622377625 0.6998697916666667 0.3575721153846154 0.08203125
0 0.32181490384615385 0.7584635416666669 0.3575721153846154 0.08203125
0 0.3250655594405595 0.8287760416666669 0.3575721153846154 0.08203125
0 0.6631337412587414 0.8300781250000001 0.3575721153846154 0.08203125
0 0.6761363636363638 0.7636718750000001 0.3575721153846154 0.08203125
0 0.6858883304195804 0.6998697916666669 0.3575721153846154 0.08203125
0 0.6826376748251749 0.6308593750000001 0.3575721153846154 0.08203125
0 0.6696350524475525 0.5670572916666669 0.3575721153846154 0.08203125
0 0.6761363636363638 0.4967447916666668 0.3575721153846154 0.08203125
0 0.689138986013986 0.43164062500000017 0.3575721153846154 0.08203125
0 0.6793870192307692 0.3548177083333335 0.3575721153846154 0.08203125
0 0.6761363636363638 0.29101562500000017 0.3575721153846154 0.08203125
0 0.6793870192307692 0.22721354166666682 0.3575721153846154 0.08203125
