0 0.061908856405846945 0.6077046055664352 0.05674978503869304 0.31661920626150414
0 0.11263972484952706 0.6153647476534072 0.05674978503869303 0.31661920626150414
0 0.16165090283748923 0.6179181283490646 0.05674978503869303 0.31661920626150414
0 0.2072226999140155 0.6345151028708371 0.056749785038693046 0.3395996325224194
0 0.25365434221840066 0.6179181283490646 0.05674978503869303 0.31661920626150414
0 0.30223559759243335 0.6204715090447218 0.061049011177987916 0.3166192062615042
0 0.355116079105761 0.6332384125230083 0.058469475494411005 0.3166192062615042
0 0.4032674118658641 0.6332384125230083 0.058469475494411005 0.3166192062615042
1 0.45055889939810834 0.6408985546099802 0.058469475494411005 0.3166192062615042
0 0.5021496130696474 0.6383451739143229 0.058469475494411005 0.3166192062615042
1 0.5511607910576096 0.6460053160012947 0.058469475494411005 0.3166192062615042
0 0.5984522785898538 0.6460053160012947 0.058469475494411005 0.3166192062615042
0 0.6483233018056744 0.6421752449578088 0.05846947549441098 0.33449287113110515
1 0.6964746345657781 0.6434519353056375 0.058469475494411005 0.3166192062615042
0 0.7446259673258814 0.6460053160012947 0.058469475494411005 0.3166192062615042
0 0.7936371453138436 0.6613256001752384 0.058469475494411005 0.3166192062615042
0 0.8409286328460879 0.6613256001752384 0.058469475494411005 0.3166192062615042
0 0.891659501289768 0.6613256001752384 0.058469475494411005 0.3166192062615042
1 0.9441100601891662 0.656218838783924 0.058469475494411005 0.3166192062615042
1 0.8959587274290632 0.3727935815659646 0.058469475494411005 0.3166192062615042
0 0.9432502149613073 0.3625800587833355 0.058469475494411005 0.3166192062615042
1 0.8435081685296651 0.37024020087030735 0.058469475494411005 0.3166192062615042
0 0.7936371453138436 0.3434297035659057 0.05846947549441098 0.3447063939137343
1 0.7472055030094589 0.34470639391373437 0.058469475494411005 0.3166192062615042
0 0.6990541702493556 0.3472597746093918 0.058469475494411005 0.3166192062615042
1 0.6500429922613935 0.34981315530504903 0.058469475494411005 0.3166192062615042
0 0.6036113499570083 0.34470639391373437 0.058469475494411005 0.3166192062615042
0 0.5494411006018922 0.3395996325224198 0.058469475494411005 0.3166192062615042
0 0.5012897678417889 0.3395996325224198 0.058469475494411005 0.3166192062615042
1 0.45313843508168583 0.33449287113110526 0.058469475494411005 0.3166192062615042
0 0.4049871023215826 0.3319394904354479 0.058469475494411005 0.3166192062615042
0 0.35597592433362046 0.32938610973979066 0.058469475494411005 0.3166192062615042
0 0.3086844368013763 0.31917258695716155 0.058469475494411005 0.3166192062615042
1 0.2545141874462602 0.3217259676528188 0.058469475494411005 0.3166192062615042
0 0.20980223559759295 0.30895906417453234 0.058469475494411005 0.3166192062615042
0 0.1616509028374898 0.3268327290441334 0.058469475494411005 0.3166192062615042
0 0.11435941530524561 0.31917258695716155 0.058469475494411005 0.3166192062615042
0 0.0636285468615655 0.3115124448701896 0.061908856405846945 0.316619206261504
