1 0.30651147098515513 0.16927083333333331 0.4397773279352226 0.08333333333333334
0 0.29651653171390013 0.234375 0.4397773279352226 0.08333333333333331
0 0.28985323886639675 0.30729166666666674 0.4397773279352226 0.08333333333333331
1 0.27652665317139 0.37630208333333337 0.4397773279352226 0.08333333333333331
1 0.2865215924426451 0.44270833333333337 0.4397773279352226 0.08333333333333331
1 0.2731950067476383 0.5156250000000001 0.4397773279352226 0.08333333333333331
0 0.3165064102564103 0.5820312500000003 0.4930836707152497 0.08333333333333337
0 0.2865215924426451 0.6510416666666679 0.4464406207827261 0.08333333333333344
0 0.2865215924426451 0.7187500000000011 0.4464406207827261 0.08333333333333344
0 0.29984817813765186 0.7851562500000011 0.4464406207827261 0.08333333333333344
0 0.6463394062078274 0.7929687500000011 0.4464406207827261 0.08333333333333344
0 0.6829875168690959 0.7200520833333344 0.4464406207827261 0.08333333333333344
0 0.6763242240215925 0.6562500000000011 0.4464406207827261 0.08333333333333344
1 0.6763242240215925 0.5872395833333344 0.4464406207827261 0.08333333333333344
1 0.6763242240215925 0.5130208333333344 0.4464406207827261 0.08333333333333344
0 0.6829875168690959 0.4479166666666678 0.4464406207827261 0.08333333333333344
0 0.6796558704453441 0.37890625000000105 0.4464406207827261 0.08333333333333344
0 0.6796558704453441 0.23697916666666774 0.4464406207827261 0.08333333333333344
1 0.6729925775978407 0.30598958333333437 0.4464406207827261 0.08333333333333344
0 0.6863191632928475 0.16666666666666774 0.4464406207827261 0.08333333333333344
1 0.6796558704453441 0.8632812500000011 0.4464406207827261 0.08333333333333344
