0 0.22613929492691312 0.6269758359383161 0.06190885640584696 0.17390570631865707
0 0.2622527944969905 0.6361287678498243 0.06190885640584696 0.17390570631865707
0 0.2983662940670679 0.6391797451536604 0.06190885640584696 0.17390570631865707
0 0.3293207222699914 0.6361287678498243 0.06190885640584696 0.17390570631865707
0 0.3637145313843508 0.6391797451536604 0.06190885640584696 0.17390570631865707
0 0.3938091143594153 0.6391797451536604 0.06190885640584696 0.17390570631865707
0 0.42734307824591566 0.6361287678498243 0.06190885640584696 0.17390570631865707
0 0.45915735167669813 0.6391797451536604 0.06190885640584696 0.17390570631865707
0 0.4892519346517627 0.6391797451536604 0.06190885640584696 0.17390570631865707
1 0.5236457437661222 0.6422307224574965 0.06190885640584696 0.17390570631865707
0 0.5554600171969045 0.6391797451536604 0.06190885640584696 0.17390570631865707
0 0.5915735167669819 0.6391797451536604 0.06190885640584696 0.17390570631865707
0 0.6216680997420464 0.6391797451536604 0.06190885640584696 0.17390570631865707
1 0.6560619088564059 0.6391797451536604 0.06190885640584696 0.17390570631865707
1 0.6870163370593292 0.6361287678498243 0.06190885640584696 0.17390570631865707
0 0.7214101461736885 0.6391797451536604 0.06190885640584696 0.17390570631865707
1 0.7532244196044711 0.6452816997613324 0.06190885640584696 0.17390570631865707
1 0.7858985382631125 0.6483326770651685 0.06190885640584696 0.17390570631865707
1 0.8185726569217538 0.6483326770651685 0.06190885640584696 0.17390570631865707
1 0.8529664660361133 0.6422307224574964 0.06190885640584696 0.17390570631865707
0 0.8873602751504727 0.6452816997613324 0.06190885640584696 0.17390570631865707
0 0.11693895098882173 0.33103103746621526 0.06190885640584696 0.17390570631865707
0 0.15047291487532213 0.3279800601623791 0.06878761822871877 0.17390570631865693
0 0.1822871883061046 0.324929082858543 0.06878761822871877 0.17390570631865693
0 0.219260533104041 0.3279800601623791 0.06878761822871877 0.17390570631865693
0 0.25279449699054146 0.324929082858543 0.06878761822871877 0.17390570631865693
0 0.280309544282029 0.324929082858543 0.06878761822871877 0.17390570631865693
0 0.3147033533963884 0.3218781055547069 0.06878761822871877 0.17390570631865693
0 0.34737747205502983 0.324929082858543 0.06878761822871877 0.17390570631865693
0 0.3826311263972482 0.3218781055547069 0.06878761822871877 0.17390570631865693
0 0.4118658641444537 0.33103103746621515 0.06878761822871877 0.17390570631865693
0 0.44797936371453106 0.3401839693777234 0.06878761822871877 0.17390570631865693
0 0.47807394668959546 0.33713299207388725 0.06878761822871877 0.17390570631865693
0 0.5141874462596729 0.3310310374662151 0.06878761822871877 0.17390570631865693
1 0.5477214101461734 0.34323494668155946 0.06878761822871877 0.17390570631865693
1 0.5778159931212379 0.33713299207388725 0.06878761822871877 0.17390570631865693
0 0.6104901117798793 0.33713299207388725 0.06878761822871877 0.17390570631865693
1 0.6440240756663798 0.3279800601623789 0.06878761822871877 0.17390570631865693
1 0.679277730008598 0.32187810555470675 0.06878761822871877 0.17390570631865693
1 0.7093723129836625 0.3401839693777233 0.06878761822871877 0.17390570631865693
1 0.7411865864144451 0.331031037466215 0.06878761822871877 0.17390570631865693
1 0.7755803955288044 0.331031037466215 0.06878761822871877 0.17390570631865693
1 0.80481513327601 0.33713299207388725 0.06878761822871877 0.17390570631865693
1 0.8400687876182283 0.3523878785930677 0.06878761822871877 0.17390570631865693
0 0.10146173688735996 0.1876351041859189 0.06878761822871877 0.17390570631865693
0 0.13499570077386036 0.1876351041859189 0.06878761822871877 0.17390570631865693
0 0.16337059329320688 0.1876351041859189 0.06878761822871877 0.17390570631865693
0 0.19776440240756635 0.18458412688208278 0.06878761822871877 0.17390570631865693
0 0.2347377472055027 0.19373705879359104 0.06878761822871877 0.17390570631865693
0 0.26397248495270825 0.19678803609742715 0.06878761822871877 0.17390570631865693
0 0.2932072226999137 0.19678803609742715 0.06878761822871877 0.17390570631865693
0 0.3284608770421321 0.19373705879359104 0.06878761822871877 0.17390570631865693
0 0.3594153052450556 0.19373705879359104 0.06878761822871877 0.17390570631865693
0 0.39208942390369705 0.19678803609742715 0.06878761822871877 0.17390570631865693
0 0.42390369733447947 0.19983901340126323 0.06878761822871877 0.17390570631865693
0 0.45227858985382596 0.19678803609742715 0.06878761822871877 0.17390570631865693
0 0.4832330180567494 0.2059409680089354 0.06878761822871877 0.17390570631865693
1 0.5167669819432499 0.19678803609742715 0.06878761822871877 0.17390570631865693
0 0.5511607910576093 0.2089919453127715 0.06878761822871877 0.17390570631865693
0 0.5864144453998277 0.2059409680089354 0.06878761822871877 0.17390570631865693
1 0.623387790197764 0.2059409680089354 0.06878761822871877 0.17390570631865693
1 0.6543422184006874 0.2059409680089354 0.06878761822871877 0.17390570631865693
1 0.6861564918314699 0.2089919453127715 0.06878761822871877 0.17390570631865693
1 0.7128116938950985 0.2089919453127715 0.06878761822871877 0.17390570631865693
0 0.7497850386930347 0.2150938999204437 0.06878761822871877 0.17390570631865693
1 0.7815993121238171 0.2150938999204437 0.06878761822871877 0.17390570631865693
1 0.8082545141874456 0.227297809135788 0.06878761822871877 0.17390570631865693
1 0.8340498710232152 0.22119585452811585 0.06878761822871877 0.17390570631865693
