0 0.27836386810446007 0.5904947916666667 0.1734384169600939 0.14192708333333343
1 0.27836386810446007 0.4876302083333334 0.17343841696009388 0.11328124999999996
1 0.2821967612969483 0.40299479166666674 0.17343841696009388 0.11328124999999996
0 0.2793220914025822 0.3079427083333334 0.17343841696009388 0.11328124999999996
1 0.6012851195715962 0.31315104166666674 0.17343841696009388 0.11328124999999996
0 0.6070344593603285 0.41080729166666674 0.17343841696009388 0.11328124999999996
0 0.6108673525528168 0.49804687500000006 0.17343841696009388 0.11328124999999996
0 0.6108673525528168 0.5970052083333334 0.17343841696009388 0.11328124999999996
0 0.7632248569542253 0.5970052083333334 0.17343841696009388 0.11328124999999996
0 0.7651413035504695 0.693359375 0.17343841696009388 0.11328124999999996
1 0.760350187059859 0.5045572916666665 0.17343841696009388 0.11328124999999996
0 0.7536426239730045 0.40820312499999994 0.17343841696009388 0.11328124999999996
0 0.7555590705692486 0.30273437499999994 0.17343841696009388 0.11328124999999996
