0 0.14316423043852106 0.6364394523598933 0.08856405846947549 0.3571954755880331
0 0.20980223559759245 0.6344659966936611 0.08254514187446266 0.3571954755880331
0 0.2747205503009458 0.6226252626962676 0.0851246775580396 0.3374609189257109
0 0.3366294067067927 0.6245987183624999 0.0851246775580396 0.3374609189257109
0 0.40369733447979356 0.6226252626962676 0.0851246775580396 0.3374609189257109
0 0.4724849527085124 0.6226252626962676 0.0851246775580396 0.3374609189257109
0 0.5421324161650901 0.6186783513638032 0.0851246775580396 0.3374609189257109
0 0.607480653482373 0.6147314400313388 0.0851246775580396 0.3374609189257109
0 0.6788478073946689 0.6265721740287321 0.0851246775580396 0.3374609189257109
0 0.7398968185726568 0.6245987183624999 0.0851246775580396 0.3374609189257109
0 0.8035253654342217 0.6206518070300355 0.0851246775580396 0.3374609189257109
0 0.8705932932072226 0.616704895697571 0.0851246775580396 0.3374609189257109
0 0.13542562338779 0.3187130900965047 0.0851246775580396 0.3374609189257109
0 0.20507308684436784 0.3048989004328791 0.0851246775580396 0.3374609189257109
0 0.2712811693895097 0.3187130900965047 0.0851246775580396 0.3374609189257109
0 0.34350816852966454 0.3147661787640402 0.0851246775580396 0.3374609189257109
0 0.4071367153912294 0.3108192674315758 0.0851246775580396 0.3374609189257109
0 0.4767841788478072 0.3108192674315758 0.0851246775580396 0.3374609189257109
0 0.5386930352536541 0.3147661787640402 0.0851246775580396 0.3374609189257109
0 0.6074806534823728 0.3088458117653436 0.0851246775580396 0.3374609189257109
0 0.6685296646603609 0.30095198910041465 0.0851246775580396 0.3374609189257109
0 0.7398968185726567 0.2970050777679502 0.0851246775580396 0.3374609189257109
0 0.8052450558899396 0.2910847107692535 0.0851246775580396 0.3374609189257109
0 0.8705932932072226 0.29305816643548577 0.0851246775580396 0.3374609189257109
