1 0.17375919117647057 0.900390625 0.08207720588235291 0.06380208333333315
0 0.17550551470588233 0.845703125 0.08207720588235291 0.06380208333333315
1 0.17375919117647054 0.7897135416666667 0.0820772058823529 0.06901041666666649
1 0.17725183823529408 0.7350260416666667 0.08207720588235291 0.06380208333333315
0 0.1746323529411764 0.6803385416666669 0.0820772058823529 0.06901041666666649
0 0.17550551470588233 0.6256510416666667 0.0820772058823529 0.06901041666666671
0 0.17725183823529406 0.5709635416666667 0.0820772058823529 0.06901041666666671
1 0.17899816176470587 0.5097656250000001 0.0820772058823529 0.06901041666666671
1 0.17725183823529414 0.45507812500000006 0.0820772058823529 0.06901041666666671
0 0.17899816176470587 0.40039062500000006 0.0820772058823529 0.06901041666666671
1 0.17637867647058825 0.3444010416666668 0.0820772058823529 0.06901041666666671
1 0.17375919117647057 0.2871093750000001 0.0820772058823529 0.06901041666666671
0 0.17725183823529414 0.23893229166666674 0.0820772058823529 0.06901041666666671
1 0.17899816176470587 0.18294270833333343 0.0820772058823529 0.06901041666666671
0 0.3318014705882353 0.4055989583333334 0.0820772058823529 0.06901041666666671
0 0.3291819852941177 0.46679687500000006 0.0820772058823529 0.06901041666666671
0 0.3274356617647058 0.5110677083333335 0.0820772058823529 0.06901041666666671
0 0.3274356617647058 0.5683593750000001 0.0820772058823529 0.06901041666666671
0 0.33267463235294115 0.6282552083333335 0.0820772058823529 0.06901041666666671
0 0.33616727941176466 0.6777343750000003 0.0820772058823529 0.06901041666666671
0 0.3274356617647058 0.7363281250000003 0.0820772058823529 0.06901041666666671
0 0.33529411764705885 0.7910156250000003 0.0820772058823529 0.06901041666666671
1 0.33267463235294115 0.8496093750000003 0.0820772058823529 0.06901041666666671
0 0.3318014705882353 0.9029947916666669 0.0820772058823529 0.06901041666666671
0 0.42173713235294114 0.9029947916666669 0.0820772058823529 0.06901041666666671
1 0.42173713235294114 0.8457031250000003 0.0820772058823529 0.06901041666666671
0 0.4234834558823529 0.7936197916666669 0.0820772058823529 0.06901041666666671
1 0.42261029411764706 0.7376302083333335 0.0820772058823529 0.06901041666666671
0 0.423483455882353 0.6790364583333335 0.0820772058823529 0.06901041666666671
0 0.42435661764705884 0.6217447916666669 0.0820772058823529 0.06901041666666671
1 0.423483455882353 0.5670572916666669 0.0820772058823529 0.06901041666666671
1 0.4278492647058824 0.5136718750000001 0.0820772058823529 0.06901041666666671
0 0.4269761029411765 0.45768229166666685 0.0820772058823529 0.06901041666666671
1 0.42261029411764706 0.40690104166666685 0.0820772058823529 0.06901041666666671
0 0.57890625 0.8483072916666669 0.0820772058823529 0.06901041666666671
0 0.5815257352941177 0.9016927083333335 0.0820772058823529 0.06901041666666671
0 0.5780330882352942 0.7949218750000003 0.0820772058823529 0.06901041666666671
0 0.5780330882352942 0.7350260416666669 0.0820772058823529 0.06901041666666671
0 0.5771599264705883 0.6751302083333335 0.0820772058823529 0.06901041666666671
1 0.5797794117647059 0.6217447916666669 0.0820772058823529 0.06901041666666671
1 0.5771599264705883 0.5709635416666669 0.0820772058823529 0.06901041666666671
0 0.5815257352941177 0.5123697916666669 0.0820772058823529 0.06901041666666671
0 0.5780330882352942 0.45507812500000017 0.0820772058823529 0.06901041666666671
1 0.5745404411764706 0.39908854166666685 0.0820772058823529 0.06901041666666671
0 0.5823988970588233 0.34440104166666713 0.08906249999999978 0.06901041666666671
1 0.5802159926470588 0.2871093750000006 0.07945772058823516 0.06901041666666673
0 0.5749770220588235 0.23632812500000064 0.07945772058823516 0.06901041666666673
0 0.578469669117647 0.18033854166666732 0.07945772058823516 0.06901041666666673
0 0.6679687500000001 0.8990885416666669 0.0820772058823529 0.06901041666666671
1 0.6732077205882354 0.8444010416666669 0.0820772058823529 0.06901041666666671
0 0.6723345588235295 0.7884114583333335 0.0820772058823529 0.06901041666666671
1 0.6697150735294118 0.7350260416666669 0.0820772058823529 0.06901041666666671
1 0.6688419117647061 0.6777343750000003 0.0820772058823529 0.06901041666666671
1 0.6723345588235295 0.6243489583333335 0.0820772058823529 0.06901041666666671
1 0.6723345588235295 0.5709635416666669 0.0820772058823529 0.06901041666666671
0 0.6723345588235295 0.5110677083333335 0.0820772058823529 0.06901041666666671
0 0.6679687500000001 0.45377604166666685 0.0820772058823529 0.06901041666666671
0 0.6688419117647061 0.39908854166666685 0.0820772058823529 0.06901041666666671
0 0.6714613970588238 0.34570312500000017 0.0820772058823529 0.06901041666666671
0 0.6705882352941178 0.28971354166666685 0.0820772058823529 0.06901041666666671
0 0.6662224264705884 0.23242187500000017 0.0820772058823529 0.06901041666666671
1 0.6740808823529413 0.18164062500000017 0.0820772058823529 0.06901041666666671
0 0.838235294117647 0.18164062500000017 0.0820772058823529 0.06901041666666671
1 0.8408547794117649 0.2649739583333335 0.0820772058823529 0.06901041666666671
1 0.9229319852941177 0.28710937500000017 0.0820772058823529 0.06901041666666671
0 0.9220588235294119 0.23111979166666685 0.0820772058823529 0.06901041666666671
1 0.9238051470588238 0.17643229166666685 0.0820772058823529 0.06901041666666671
0 0.8364889705882353 0.7845052083333335 0.0820772058823529 0.06901041666666671
0 0.8364889705882353 0.8782552083333335 0.0820772058823529 0.06901041666666671
1 0.9316636029411768 0.7532552083333335 0.0820772058823529 0.06901041666666671
1 0.930790441176471 0.8144531250000003 0.0820772058823529 0.06901041666666671
0 0.9342830882352945 0.8717447916666669 0.0820772058823529 0.06901041666666671
