0 0.20291351904312244 0.34895833333333337 0.04141092225369846 0.08333333333333331
0 0.22776007239534152 0.3515625 0.04141092225369846 0.08333333333333331
1 0.25571244491658796 0.35286458333333337 0.04141092225369846 0.08333333333333331
0 0.28055899826880704 0.34895833333333337 0.04141092225369846 0.08333333333333331
1 0.3085113707900535 0.35286458333333337 0.04141092225369846 0.08333333333333331
0 0.33335792414227255 0.35026041666666663 0.04141092225369846 0.08333333333333331
1 0.3571692044381492 0.34895833333333337 0.04141092225369846 0.08333333333333331
0 0.38305103084671077 0.34895833333333337 0.04141092225369846 0.08333333333333331
0 0.40582703808624493 0.34895833333333337 0.04141092225369846 0.08333333333333331
0 0.4317088644948064 0.34895833333333337 0.04141092225369846 0.08333333333333331
0 0.457590690903368 0.34635416666666663 0.04141092225369846 0.08333333333333331
0 0.4845077903682719 0.34635416666666663 0.04141092225369846 0.08333333333333331
0 0.509354343720491 0.34635416666666663 0.04141092225369846 0.08333333333333331
0 0.5383419892980801 0.35026041666666663 0.04141092225369846 0.08333333333333331
0 0.5621532695939565 0.34635416666666663 0.04141092225369846 0.08333333333333331
0 0.5849292768334907 0.34765625 0.04141092225369846 0.08333333333333331
0 0.6159874685237645 0.34635416666666663 0.04141092225369846 0.08333333333333331
0 0.6387634757632987 0.34895833333333337 0.04141092225369846 0.08333333333333331
0 0.6656805752282027 0.34895833333333337 0.04141092225369846 0.08333333333333331
0 0.6894918555240792 0.34765625000000006 0.04141092225369846 0.08333333333333331
0 0.7153736819326407 0.34244791666666674 0.04141092225369846 0.08333333333333331
0 0.7402202352848597 0.34244791666666674 0.04141092225369846 0.08333333333333331
0 0.7650667886370788 0.34244791666666674 0.04141092225369846 0.08333333333333331
0 0.7640315155807361 0.27734375000000006 0.04141092225369846 0.08333333333333331
0 0.7402202352848596 0.2786458333333334 0.04141092225369846 0.08333333333333331
0 0.714338408876298 0.27734375000000006 0.04141092225369846 0.08333333333333331
0 0.6884565824677363 0.27734375000000006 0.04141092225369846 0.08333333333333331
0 0.6625747560591748 0.27994791666666674 0.04141092225369846 0.08333333333333331
0 0.6387634757632982 0.2786458333333334 0.04141092225369846 0.08333333333333331
0 0.6139169224110791 0.27734375000000006 0.04141092225369846 0.08333333333333331
0 0.5859645498898327 0.27994791666666674 0.04141092225369846 0.08333333333333331
0 0.5621532695939561 0.28385416666666674 0.04141092225369846 0.08333333333333331
0 0.5362714431853945 0.28385416666666674 0.04141092225369846 0.08333333333333331
0 0.5134954359458603 0.27994791666666674 0.04141092225369846 0.08333333333333331
1 0.4855430634246139 0.27994791666666674 0.04141092225369846 0.08333333333333331
0 0.45552014479068254 0.28385416666666674 0.04141092225369846 0.08333333333333331
0 0.40789758419892924 0.28385416666666674 0.04141092225369846 0.08333333333333331
0 0.38305103084671027 0.28385416666666674 0.04141092225369846 0.08333333333333331
1 0.35820447749449114 0.28515625000000006 0.04141092225369846 0.08333333333333331
0 0.33335792414227206 0.28385416666666674 0.04141092225369846 0.08333333333333331
0 0.30333500550834064 0.28385416666666674 0.04141092225369846 0.08333333333333331
0 0.28055899826880654 0.2864583333333334 0.04141092225369846 0.08333333333333331
0 0.2567477179729299 0.28515625000000006 0.04141092225369846 0.08333333333333331
0 0.2308658915643684 0.2864583333333334 0.04141092225369846 0.08333333333333331
0 0.20394879209946437 0.28385416666666674 0.04141092225369846 0.08333333333333331
0 0.20187824598677945 0.0950520833333334 0.04141092225369846 0.08333333333333331
0 0.2536418988039025 0.09635416666666671 0.04141092225369846 0.08333333333333331
1 0.227760072395341 0.0950520833333334 0.04141092225369846 0.08333333333333331
0 0.2774531790997791 0.09375000000000007 0.04141092225369846 0.08333333333333331
0 0.3022997324519982 0.09635416666666671 0.04141092225369846 0.08333333333333331
1 0.3312873780295871 0.09765625000000007 0.04141092225369846 0.08333333333333331
1 0.37994521167768286 0.0950520833333334 0.04141092225369846 0.08333333333333331
0 0.3561339313818062 0.09635416666666671 0.04141092225369846 0.08333333333333331
1 0.4089328572552718 0.09765625000000007 0.04141092225369846 0.08333333333333331
0 0.429638318382121 0.09635416666666671 0.04141092225369846 0.08333333333333331
0 0.45966123701605244 0.0950520833333334 0.04141092225369846 0.08333333333333331
1 0.4845077903682715 0.09765625000000007 0.04141092225369846 0.08333333333333331
0 0.508319070664148 0.09635416666666671 0.04141092225369846 0.08333333333333331
0 0.5331656240163671 0.0950520833333334 0.04141092225369846 0.08333333333333331
1 0.5611179965376136 0.0950520833333334 0.04141092225369846 0.08333333333333331
0 0.5828587307208053 0.0950520833333334 0.04141092225369846 0.08333333333333331
0 0.6087405571293668 0.0950520833333334 0.04141092225369846 0.08333333333333331
0 0.6356576565942709 0.09375000000000007 0.04141092225369846 0.08333333333333331
1 0.6594689368901474 0.09635416666666671 0.04141092225369846 0.08333333333333331
0 0.6863860363550515 0.0950520833333334 0.04141092225369846 0.08333333333333331
0 0.7143384088762978 0.0950520833333334 0.04141092225369846 0.08333333333333331
0 0.7350438700031471 0.09765625000000007 0.04141092225369846 0.08333333333333331
0 0.7629962425243936 0.09635416666666671 0.04141092225369846 0.08333333333333331
0 0.7868075228202701 0.09635416666666671 0.04141092225369846 0.08333333333333331
0 0.8106188031161465 0.0989583333333334 0.04141092225369846 0.08333333333333331
0 0.8333948103556807 0.09765625000000007 0.04141092225369846 0.08333333333333331
0 0.8603119098205848 0.09765625000000007 0.04141092225369846 0.08333333333333331
0 0.10249203257790297 0.07682291666666671 0.06211638338054765 0.04947916666666664
0 0.10145675952156051 0.11328125000000007 0.06211638338054765 0.04947916666666664
1 0.10249203257790297 0.14453125000000008 0.06211638338054765 0.04947916666666664
1 0.09420984812716326 0.17447916666666674 0.06211638338054765 0.04947916666666664
0 0.09317457507082082 0.21093750000000008 0.06211638338054765 0.04947916666666664
0 0.0962803942398482 0.27083333333333337 0.06211638338054765 0.04947916666666664
1 0.09524512118350575 0.2434895833333334 0.06211638338054765 0.04947916666666664
0 0.09990384993704686 0.3033854166666665 0.07350438700031474 0.04947916666666664
1 0.09886857688070438 0.33723958333333315 0.07350438700031474 0.04947916666666664
0 0.09576275771167701 0.37239583333333315 0.07350438700031474 0.04947916666666664
0 0.09783330382436192 0.4023437499999998 0.07350438700031474 0.04947916666666664
0 0.09679803076801947 0.4361979166666665 0.07350438700031474 0.04947916666666664
0 0.09472748465533455 0.4687499999999998 0.07350438700031474 0.04947916666666664
0 0.095762757711677 0.4999999999999998 0.07350438700031474 0.04947916666666664
0 0.09886857688070437 0.5338541666666664 0.07350438700031474 0.04947916666666664
0 0.09990384993704683 0.5664062499999998 0.07350438700031474 0.04947916666666664
0 0.10093912299338931 0.5963541666666664 0.07350438700031474 0.04947916666666664
0 0.09679803076801946 0.6289062499999998 0.07350438700031474 0.04947916666666664
0 0.09783330382436192 0.6640624999999999 0.07350438700031474 0.04947916666666664
0 0.09886857688070437 0.6914062499999999 0.07350438700031474 0.04947916666666664
0 0.09886857688070437 0.7252604166666664 0.07350438700031474 0.04947916666666664
0 0.09886857688070437 0.7565104166666664 0.07350438700031474 0.04947916666666664
0 0.09990384993704683 0.7890624999999999 0.07350438700031474 0.04947916666666664
0 0.09886857688070437 0.8216145833333331 0.07350438700031474 0.04947916666666664
0 0.20653697474032043 0.5032552083333341 0.0403756491973559 0.08203125000000006
1 0.2313835280925395 0.5045572916666675 0.0403756491973559 0.08203125000000006
1 0.2531242622757312 0.5058593750000009 0.0403756491973559 0.08203125000000006
0 0.2831471809096625 0.5032552083333341 0.0403756491973559 0.08203125000000006
0 0.3090290073182241 0.5032552083333341 0.0403756491973559 0.08203125000000006
0 0.33387556067044316 0.5045572916666675 0.0403756491973559 0.08203125000000006
0 0.3576868409663198 0.5058593750000009 0.0403756491973559 0.08203125000000006
0 0.3835686673748813 0.5071614583333341 0.0403756491973559 0.08203125000000006
0 0.4094504937834429 0.5032552083333341 0.0403756491973559 0.08203125000000006
0 0.43636759324834684 0.5045572916666675 0.0403756491973559 0.08203125000000006
0 0.45914360048788105 0.5058593750000009 0.0403756491973559 0.08203125000000006
0 0.4870959730091275 0.49934895833333415 0.0403756491973559 0.08203125000000006
0 0.5119425263613465 0.5019531250000009 0.0403756491973559 0.08203125000000006
0 0.5367890797135657 0.5032552083333341 0.0403756491973559 0.08203125000000006
0 0.5637061791784697 0.5019531250000009 0.0403756491973559 0.08203125000000006
0 0.5916585516997162 0.5032552083333341 0.0403756491973559 0.08203125000000006
0 0.6133992858829078 0.5045572916666675 0.0403756491973559 0.08203125000000006
0 0.6434222045168393 0.5045572916666675 0.0403756491973559 0.08203125000000006
0 0.6661982117563734 0.5032552083333343 0.0403756491973559 0.08203125000000006
0 0.7138207723481266 0.49804687500000083 0.0403756491973559 0.08203125000000006
0 0.6879389459395651 0.4993489583333342 0.0403756491973559 0.08203125000000006
0 0.6910447651085925 0.5670572916666675 0.0403756491973559 0.08203125000000006
0 0.6641276656436884 0.5696614583333343 0.0403756491973559 0.08203125000000006
0 0.6434222045168393 0.5735677083333343 0.0403756491973559 0.08203125000000006
0 0.6185756511646202 0.5683593750000009 0.0403756491973559 0.08203125000000006
0 0.5906232786433737 0.5709635416666675 0.0403756491973559 0.08203125000000006
0 0.5637061791784697 0.5748697916666675 0.0403756491973559 0.08203125000000006
0 0.5388596258262507 0.5670572916666675 0.0403756491973559 0.08203125000000006
0 0.5140130724740315 0.5683593750000009 0.0403756491973559 0.08203125000000006
0 0.48813124606547 0.5709635416666675 0.0403756491973559 0.08203125000000006
0 0.45707305437519613 0.5709635416666675 0.0403756491973559 0.08203125000000006
0 0.43429704713566203 0.5709635416666675 0.0403756491973559 0.08203125000000006
0 0.4135915860088128 0.5657552083333343 0.0403756491973559 0.08203125000000006
0 0.38563921348756636 0.5670572916666675 0.0403756491973559 0.08203125000000006
0 0.3597573870790049 0.5657552083333343 0.0403756491973559 0.08203125000000006
0 0.3359461067831283 0.5657552083333343 0.0403756491973559 0.08203125000000006
0 0.3048879150928545 0.5657552083333343 0.0403756491973559 0.08203125000000006
0 0.28211190785332035 0.5657552083333343 0.0403756491973559 0.08203125000000006
0 0.2572653545011013 0.5683593750000009 0.0403756491973559 0.08203125000000006
0 0.2303482550361973 0.5657552083333343 0.0403756491973559 0.08203125000000006
0 0.2034311555712933 0.5683593750000009 0.0403756491973559 0.08203125000000006
0 0.2065369747403207 0.7194010416666675 0.0403756491973559 0.08203125000000006
0 0.23448934726156714 0.7220052083333343 0.0403756491973559 0.08203125000000006
0 0.25830062755744376 0.7207031250000009 0.0403756491973559 0.08203125000000006
0 0.281076634796978 0.7207031250000009 0.0403756491973559 0.08203125000000006
0 0.30592318814919706 0.7233072916666675 0.0403756491973559 0.08203125000000006
0 0.3359461067831285 0.7233072916666675 0.0403756491973559 0.08203125000000006
0 0.3587221140226625 0.7233072916666675 0.0403756491973559 0.08203125000000006
0 0.38460394043122414 0.7246093750000009 0.0403756491973559 0.08203125000000006
0 0.4094504937834432 0.7220052083333343 0.0403756491973559 0.08203125000000006
0 0.43740286630468966 0.7233072916666675 0.0403756491973559 0.08203125000000006
0 0.4612141466005662 0.7194010416666675 0.0403756491973559 0.08203125000000006
0 0.4870959730091278 0.7207031250000009 0.0403756491973559 0.08203125000000006
0 0.511942526361347 0.7194010416666675 0.0403756491973559 0.08203125000000006
0 0.5357538066572235 0.7207031250000009 0.0403756491973559 0.08203125000000006
0 0.5647414522348124 0.7194010416666675 0.0403756491973559 0.08203125000000006
0 0.5895880055870315 0.7194010416666675 0.0403756491973559 0.08203125000000006
0 0.6165051050519355 0.7167968750000009 0.0403756491973559 0.08203125000000006
0 0.6413516584041545 0.7194010416666675 0.0403756491973559 0.08203125000000006
0 0.6641276656436886 0.7207031250000009 0.0403756491973559 0.08203125000000006
0 0.20653697474032065 0.7910156250000009 0.0403756491973559 0.08203125000000006
0 0.23552462031790952 0.7897135416666675 0.0403756491973559 0.08203125000000006
0 0.25933590061378614 0.7871093750000009 0.0403756491973559 0.08203125000000006
0 0.28418245396600517 0.7923177083333343 0.0403756491973559 0.08203125000000006
0 0.30902900731822436 0.7923177083333343 0.0403756491973559 0.08203125000000006
0 0.33801665289581323 0.7910156250000009 0.0403756491973559 0.08203125000000006
0 0.36079266013534733 0.7897135416666675 0.0403756491973559 0.08203125000000006
0 0.38667448654390896 0.7884114583333343 0.0403756491973559 0.08203125000000006
0 0.409450493783443 0.7897135416666675 0.0403756491973559 0.08203125000000006
0 0.43533232019200463 0.7897135416666675 0.0403756491973559 0.08203125000000006
0 0.4601788735442237 0.7884114583333343 0.0403756491973559 0.08203125000000006
0 0.4891665191218126 0.7897135416666675 0.0403756491973559 0.08203125000000006
0 0.5129777994176892 0.7858072916666675 0.0403756491973559 0.08203125000000006
0 0.5357538066572234 0.7832031250000009 0.0403756491973559 0.08203125000000006
0 0.5647414522348123 0.7792968750000009 0.0403756491973559 0.08203125000000006
0 0.5895880055870314 0.7792968750000009 0.0403756491973559 0.08203125000000006
0 0.6133992858829079 0.7819010416666675 0.0403756491973559 0.08203125000000006
0 0.640316385347812 0.7805989583333343 0.0403756491973559 0.08203125000000006
0 0.6071876475448532 0.9329427083333343 0.0403756491973559 0.08203125000000006
0 0.6330694739534146 0.9355468750000009 0.0403756491973559 0.08203125000000006
0 0.6817273076015105 0.9264322916666675 0.0403756491973559 0.08203125000000006
0 0.5668119983474971 0.9342447916666675 0.0403756491973559 0.08203125000000006
0 0.5398948988825932 0.9368489583333343 0.0403756491973559 0.08203125000000006
0 0.5057308880232919 0.9368489583333343 0.0403756491973559 0.08203125000000006
1 0.4767432424457031 0.9394531250000009 0.0403756491973559 0.08203125000000006
0 0.43843813936103193 0.9394531250000009 0.0403756491973559 0.08203125000000006
0 0.411521039896128 0.9420572916666675 0.0403756491973559 0.08203125000000006
0 0.3752864829241418 0.9394531250000009 0.0403756491973559 0.08203125000000006
0 0.3452635642902105 0.9420572916666675 0.0403756491973559 0.08203125000000006
0 0.31213482648725177 0.9420572916666675 0.0403756491973559 0.08203125000000006
0 0.27486499645892315 0.9420572916666675 0.0403756491973559 0.08203125000000006
0 0.24173625865596443 0.9433593750000009 0.0403756491973559 0.08203125000000006
0 0.21481915919106037 0.9446614583333343 0.0403756491973559 0.08203125000000006
0 0.1785846022190743 0.9407552083333343 0.0403756491973559 0.08203125000000006
0 0.9074168338841676 0.1601562500000008 0.06522220254957534 0.05468750000000006
0 0.9043110147151403 0.20312500000000086 0.06522220254957534 0.05468750000000006
0 0.9001699224897705 0.24348958333333418 0.06522220254957534 0.05468750000000006
0 0.8939582841517147 0.2910156250000007 0.06522220254957531 0.05078125000000013
0 0.8846408266446327 0.3196614583333341 0.06522220254957531 0.05078125000000013
0 0.8701470038558383 0.3639322916666674 0.06522220254957531 0.05078125000000013
1 0.8691117307994959 0.3977864583333341 0.06522220254957531 0.05078125000000013
0 0.8556531810670439 0.4433593750000007 0.06522220254957531 0.05078125000000013
0 0.8473709966163042 0.4811197916666674 0.06522220254957531 0.05078125000000013
1 0.8359829929965372 0.5253906250000007 0.06522220254957531 0.05078125000000013
0 0.8287360816021399 0.5618489583333341 0.06522220254957531 0.05078125000000013
0 0.8214891702077426 0.6035156250000009 0.06522220254957531 0.05078125000000013
0 0.8111364396443181 0.6347656250000009 0.06522220254957531 0.05078125000000013
0 0.7976778899118661 0.6894531250000007 0.06522220254957531 0.05078125000000013
0 0.7925015246301537 0.7194010416666673 0.06522220254957531 0.05078125000000013
0 0.7749018826723318 0.776692708333334 0.06522220254957531 0.05078125000000013
0 0.7697255173906196 0.811848958333334 0.06522220254957531 0.05078125000000013
0 0.7583375137708525 0.866536458333334 0.06522220254957531 0.05078125000000013
