1 0.0871000424878256 0.3723404255319149 0.09942151191293264 0.38297872340425526
1 0.1431839722848645 0.37943262411347517 0.09942151191293264 0.38297872340425526
0 0.19246984998529265 0.3687943262411348 0.09942151191293264 0.38297872340425526
1 0.24260548419779712 0.3581560283687943 0.09942151191293264 0.38297872340425526
1 0.3088864921397522 0.36170212765957444 0.09942151191293264 0.38297872340425526
0 0.4482465601202732 0.35106382978723405 0.09942151191293264 0.38297872340425526
1 0.4949831682844723 0.34751773049645385 0.09942151191293264 0.38297872340425526
0 0.5400202634245187 0.3404255319148936 0.09942151191293264 0.38297872340425526
0 0.5859071150766415 0.33687943262411346 0.09942151191293264 0.38297872340425526
0 0.6292446971925352 0.326241134751773 0.09942151191293264 0.38297872340425526
1 0.6793803314050396 0.32978723404255317 0.09942151191293264 0.38297872340425526
0 0.7312154786416969 0.3191489361702127 0.09942151191293264 0.38297872340425526
0 0.7720037912213613 0.3191489361702127 0.09942151191293264 0.38297872340425526
0 0.822139425433866 0.31205673758865243 0.09942151191293264 0.38297872340425526
0 0.871425303134294 0.31205673758865243 0.09942151191293264 0.38297872340425526
0 0.9147628852501879 0.3191489361702127 0.09942151191293264 0.38297872340425526
1 0.09049906853613088 0.6382978723404255 0.09942151191293264 0.38297872340425526
1 0.14743275484524618 0.6347517730496454 0.09942151191293264 0.38297872340425526
1 0.18652155440075813 0.6241134751773049 0.09942151191293264 0.38297872340425526
0 0.24642938850214052 0.6276595744680847 0.10876883354577234 0.39007092198581556
0 0.3849396999705852 0.6152482269503535 0.09857175540085622 0.3794326241134748
1 0.438474360231395 0.6117021276595733 0.09857175540085622 0.3794326241134748
0 0.4818119423472887 0.6117021276595732 0.09857175540085622 0.3794326241134748
0 0.541294898192633 0.6081560283687931 0.09857175540085622 0.3794326241134748
1 0.5837827237964504 0.604609929078013 0.09857175540085622 0.3794326241134748
0 0.6305193319606495 0.6081560283687932 0.09857175540085622 0.3794326241134748
1 0.6798052096610776 0.5975177304964528 0.09857175540085622 0.3794326241134748
1 0.7231427917769713 0.6010638297872329 0.09857175540085622 0.3794326241134748
0 0.7681798869170177 0.5975177304964528 0.09857175540085622 0.3794326241134748
1 0.8183155211295222 0.572695035460992 0.09857175540085622 0.3794326241134748
0 0.8676013988299505 0.5833333333333324 0.09857175540085622 0.3794326241134748
0 0.9236853286269894 0.572695035460992 0.09857175540085622 0.3794326241134748
