0 0.07937543015835184 0.3434504792332267 0.05857652065161796 0.3418530351437699
0 0.12352005441754205 0.3322683706070284 0.05857652065161792 0.3642172523961657
0 0.1702114839224549 0.3386581469648559 0.05857652065161792 0.3642172523961657
1 0.21690291342736776 0.3322683706070284 0.05857652065161792 0.3642172523961657
0 0.2627454078503731 0.32587859424920096 0.05857652065161792 0.3642172523961657
0 0.30943683735528593 0.3354632587859422 0.05857652065161792 0.3642172523961657
0 0.35867507210592126 0.3162939297124598 0.05857652065161792 0.3642172523961657
0 0.401970761283204 0.3162939297124598 0.05857652065161792 0.3642172523961657
1 0.4478132557062093 0.313099041533546 0.05857652065161792 0.3642172523961657
0 0.49705149045684427 0.3051118210862616 0.058576520651617905 0.3801916932907343
0 0.5394982445522196 0.2859424920127792 0.058576520651617905 0.3801916932907343
0 0.5853407389752249 0.2923322683706067 0.058576520651617905 0.3801916932907343
0 0.6345789737258604 0.29872204472843417 0.058576520651617905 0.3801916932907343
0 0.6778746629031431 0.29552715654952044 0.058576520651617905 0.3801916932907343
0 0.7271128976537785 0.28913738019169294 0.058576520651617905 0.3801916932907343
0 0.7721064569948762 0.28913738019169294 0.058576520651617905 0.3801916932907343
0 0.8213446917455117 0.2827476038338655 0.058576520651617905 0.3801916932907343
0 0.8629425107589797 0.2827476038338655 0.058576520651617905 0.3801916932907343
0 0.9079360701000775 0.2827476038338655 0.058576520651617905 0.3801916932907343
0 0.9164254209191526 0.5766773162939294 0.058576520651617905 0.3801916932907343
0 0.8705829264961473 0.5830670926517568 0.058576520651617905 0.3801916932907343
0 0.8238914969912345 0.5894568690095844 0.058576520651617905 0.3801916932907343
0 0.7797468727320442 0.5990415335463255 0.058576520651617905 0.3801916932907343
0 0.7220192871623339 0.5958466453674118 0.058576520651617905 0.3801916932907343
0 0.6821193383126811 0.5958466453674118 0.058576520651617905 0.3801916932907343
1 0.6379747140534906 0.6277955271565493 0.058576520651617905 0.3801916932907343
0 0.5904343494666702 0.6150159744408943 0.058576520651617905 0.3801916932907343
0 0.5420450497979423 0.6150159744408943 0.058576520651617905 0.3801916932907343
0 0.49450468521112206 0.6341853035143767 0.058576520651617905 0.3801916932907343
0 0.4503600609519317 0.6341853035143767 0.058576520651617905 0.3801916932907343
0 0.4019707612832039 0.6277955271565493 0.058576520651617905 0.3801916932907343
0 0.3569772019421061 0.6341853035143767 0.058576520651617905 0.3801916932907343
0 0.31283257768291584 0.6469648562300317 0.058576520651617905 0.3801916932907343
0 0.267839018341818 0.6565495207667729 0.058576520651617905 0.3801916932907343
0 0.22284545900072017 0.6437699680511179 0.058576520651617905 0.3801916932907343
0 0.17360722425008482 0.6469648562300315 0.058576520651617905 0.3801916932907343
0 0.12691579474517198 0.6533546325878591 0.058576520651617905 0.3801916932907343
0 0.07767755999453663 0.6437699680511179 0.058576520651617905 0.3801916932907343
