1 0.8584978480538922 0.2109375 0.22245353043912175 0.0703125
1 0.8584978480538922 0.32942708333333326 0.22245353043912175 0.0703125
1 0.8606575910678643 0.3828125 0.22245353043912175 0.0703125
1 0.8606575910678643 0.5 0.22245353043912175 0.0703125
1 0.8628173340818361 0.5598958333333334 0.22245353043912175 0.0703125
0 0.8498588759980038 0.6145833333333334 0.22245353043912175 0.0703125
1 0.8433796469560875 0.6692708333333335 0.22245353043912175 0.0703125
0 0.8455393899700598 0.734375 0.22245353043912175 0.0703125
1 0.847699132984032 0.7877604166666665 0.22245353043912175 0.0703125
1 0.8606575910678643 0.8476562499999999 0.22245353043912175 0.0703125
1 0.8520186190119758 0.9010416666666665 0.22245353043912175 0.0703125
1 0.4071115581337325 0.9023437499999999 0.22245353043912175 0.0703125
0 0.4114310441616766 0.8424479166666665 0.22245353043912175 0.0703125
1 0.4114310441616766 0.7851562499999999 0.22245353043912175 0.0703125
1 0.4049518151197604 0.7317708333333331 0.22245353043912175 0.0703125
0 0.4027920721057884 0.6679687499999999 0.22245353043912175 0.0703125
1 0.3963128430638722 0.6119791666666665 0.22245353043912175 0.0703125
0 0.40063232909181634 0.5572916666666665 0.22245353043912175 0.0703125
0 0.40063232909181634 0.4986979166666665 0.22245353043912175 0.0703125
0 0.39847258607784425 0.44140624999999983 0.22245353043912175 0.0703125
1 0.40063232909181634 0.38281249999999983 0.22245353043912175 0.0703125
0 0.3941531000499002 0.32421874999999983 0.22245353043912175 0.0703125
1 0.4027920721057884 0.26562499999999983 0.22245353043912175 0.0703125
0 0.3919933570359281 0.21223958333333318 0.22245353043912175 0.0703125
0 0.4049518151197604 0.1523437499999999 0.22245353043912175 0.0703125
0 0.4049518151197604 0.09635416666666652 0.22245353043912175 0.0703125
1 0.19977622879241516 0.09635416666666652 0.22245353043912175 0.0703125
1 0.19545674276447106 0.15494791666666652 0.22245353043912175 0.0703125
0 0.20625545783433133 0.21484374999999986 0.22245353043912175 0.0703125
1 0.20409571482035926 0.2721354166666665 0.22245353043912175 0.0703125
1 0.19761648577844312 0.3268229166666664 0.22245353043912175 0.0703125
1 0.20409571482035926 0.3828124999999998 0.22245353043912175 0.0703125
1 0.19761648577844312 0.44401041666666635 0.22245353043912175 0.0703125
1 0.19977622879241516 0.497395833333333 0.22245353043912175 0.0703125
1 0.2019359718063872 0.5546874999999997 0.22245353043912175 0.0703125
1 0.21057494386227543 0.6158854166666664 0.22245353043912175 0.0703125
1 0.21057494386227543 0.6718749999999997 0.22245353043912175 0.0703125
1 0.20841520084830337 0.7343749999999997 0.22245353043912175 0.0703125
1 0.20625545783433133 0.7890624999999997 0.22245353043912175 0.0703125
1 0.2127346868762475 0.8476562499999997 0.22245353043912175 0.0703125
1 0.2127346868762475 0.907552083333333 0.22245353043912175 0.0703125
