0 0.40462502100134395 0.1236979166666666 0.24598349294354838 0.09895833333333327
0 0.4010600428427418 0.1783854166666666 0.24598349294354838 0.09895833333333327
1 0.4081899991599461 0.22265624999999992 0.24598349294354838 0.09895833333333327
0 0.404625021001344 0.27343749999999994 0.24598349294354838 0.09895833333333327
1 0.404625021001344 0.32161458333333326 0.24598349294354838 0.09895833333333327
1 0.404625021001344 0.37239583333333326 0.24598349294354838 0.09895833333333327
0 0.4010600428427418 0.42317708333333337 0.24598349294354838 0.09895833333333327
0 0.4010600428427418 0.47526041666666674 0.24598349294354838 0.09895833333333327
0 0.4153199554771504 0.5156250000000001 0.24598349294354838 0.09895833333333327
0 0.4117549773185483 0.55859375 0.24598349294354838 0.09895833333333327
0 0.4010600428427418 0.62109375 0.24598349294354838 0.09895833333333327
0 0.4117549773185483 0.6653645833333333 0.24598349294354838 0.09895833333333327
0 0.4010600428427418 0.7213541666666665 0.24598349294354838 0.09895833333333327
1 0.404625021001344 0.7630208333333331 0.24598349294354838 0.09895833333333327
1 0.3974950646841397 0.8177083333333331 0.24598349294354838 0.09895833333333327
1 0.6363486013104838 0.12890624999999983 0.24598349294354838 0.09895833333333327
0 0.6256536668346773 0.17578124999999983 0.24598349294354838 0.09895833333333327
0 0.6256536668346773 0.22656249999999983 0.24598349294354838 0.09895833333333327
0 0.6256536668346773 0.27734374999999983 0.24598349294354838 0.09895833333333327
0 0.6042637978830644 0.33203124999999983 0.24598349294354838 0.09895833333333327
1 0.6220886886760751 0.37499999999999983 0.24598349294354838 0.09895833333333327
1 0.6220886886760751 0.48177083333333315 0.24598349294354838 0.09895833333333327
0 0.6327836231518815 0.5312499999999999 0.24598349294354838 0.09895833333333327
0 0.6327836231518815 0.5833333333333331 0.24598349294354838 0.09895833333333327
1 0.6327836231518815 0.6263020833333331 0.24598349294354838 0.09895833333333327
0 0.6506085139448922 0.6796874999999997 0.24598349294354838 0.09895833333333327
0 0.6292186449932793 0.7343749999999997 0.24598349294354838 0.09895833333333327
0 0.6292186449932793 0.7760416666666664 0.24598349294354838 0.09895833333333327
0 0.6327836231518815 0.8255208333333331 0.24598349294354838 0.09895833333333327
0 0.6292186449932793 0.8736979166666664 0.24598349294354838 0.09895833333333327
