1 0.11306964746345656 0.4036412576171074 0.0816852966466036 0.36614452876743064
1 0.17153912295786758 0.3970241878201057 0.0816852966466036 0.36614452876743064
1 0.2360275150472915 0.3904071180231039 0.0816852966466036 0.36614452876743064
1 0.3005159071367154 0.38379004822610213 0.0816852966466036 0.36614452876743064
1 0.3615649183147033 0.3771729784291004 0.0816852966466036 0.36614452876743064
1 0.42347377472055014 0.3683502186997647 0.0816852966466036 0.36614452876743064
1 0.4836629406706791 0.3727615985644326 0.0816852966466036 0.36614452876743064
1 0.546431642304385 0.35511607910576115 0.0816852966466036 0.36614452876743064
1 0.6066208082545139 0.3507046992410934 0.0816852966466036 0.36614452876743064
0 0.6728288907996558 0.33526486971475594 0.0816852966466036 0.36614452876743064
0 0.7287188306104899 0.3396762495794238 0.0816852966466036 0.36614452876743064
0 0.7373172828890798 0.6440614602415046 0.0816852966466036 0.36614452876743064
1 0.6788478073946688 0.659501289767842 0.0816852966466036 0.36614452876743064
0 0.609200343938091 0.6683240494971777 0.0816852966466036 0.36614452876743064
0 0.55073086844368 0.6639126696325098 0.0816852966466036 0.36614452876743064
1 0.490541702493551 0.6705297394295116 0.0816852966466036 0.36614452876743064
1 0.4269131556319861 0.6749411192941794 0.0816852966466036 0.36614452876743064
0 0.36672398968185704 0.7014093984821865 0.0816852966466036 0.36614452876743064
0 0.3005159071367153 0.7080264682791882 0.0816852966466036 0.36614452876743064
0 0.23774720550300932 0.7014093984821865 0.0816852966466036 0.36614452876743064
1 0.18099742046431624 0.7212606078731918 0.0816852966466036 0.36614452876743064
1 0.11736887360275135 0.7300833676025275 0.0816852966466036 0.36614452876743064
