0 0.20644096013231195 0.3619791666666666 0.06377850800835652 0.13802083333333337
0 0.25567349262999073 0.359375 0.06377850800835652 0.13802083333333337
1 0.30490602512766946 0.359375 0.06377850800835652 0.13802083333333337
1 0.3574953212047353 0.35807291666666674 0.06377850800835652 0.13802083333333337
1 0.40449001131615586 0.35677083333333337 0.06377850800835652 0.13802083333333337
0 0.5018361551183843 0.3567708333333335 0.06377850800835652 0.13802083333333337
0 0.4526036226207056 0.3580729166666668 0.06377850800835652 0.13802083333333337
1 0.5499497664229339 0.35416666666666685 0.06377850800835652 0.13802083333333337
0 0.5991822989206128 0.3554687500000002 0.06377850800835652 0.13802083333333337
1 0.6014201413068708 0.4765625000000003 0.06377850800835652 0.13802083333333337
1 0.5544254511954503 0.4804687500000003 0.06377850800835652 0.13802083333333337
1 0.5040739975046425 0.48177083333333365 0.06377850800835652 0.13802083333333337
1 0.4537225438138347 0.4843750000000003 0.06377850800835652 0.13802083333333337
1 0.40672785370241415 0.4830729166666669 0.06377850800835652 0.13802083333333337
0 0.3552574788184772 0.4869791666666669 0.06377850800835652 0.13802083333333337
0 0.3060249463207985 0.48567708333333365 0.06377850800835652 0.13802083333333337
1 0.25679241382311985 0.4869791666666669 0.06377850800835652 0.13802083333333337
1 0.2109166449048283 0.48567708333333365 0.06377850800835652 0.13802083333333337
0 0.2612680985956361 0.7617187500000001 0.06377850800835652 0.13802083333333337
1 0.3093817099001857 0.7617187500000003 0.06377850800835652 0.13281250000000003
1 0.36085208478412256 0.7591145833333337 0.06377850800835652 0.1354166666666667
1 0.40896569608867217 0.7584635416666669 0.06377850800835651 0.1236979166666664
1 0.45819822858635084 0.7532552083333335 0.06377850800835651 0.1236979166666664
1 0.5040739975046424 0.7545572916666669 0.06377850800835651 0.1236979166666664
1 0.5566632935817083 0.7532552083333335 0.06377850800835651 0.1236979166666664
1 0.604776904886258 0.7545572916666669 0.06377850800835651 0.1236979166666664
1 0.6562472797701949 0.7519531250000001 0.06377850800835651 0.1236979166666664
1 0.7054798122678737 0.7545572916666669 0.06377850800835651 0.1236979166666664
1 0.7513555811861652 0.7519531250000001 0.06377850800835651 0.1236979166666664
1 0.1012623679781801 0.0957031250000003 0.06377850800835651 0.1236979166666664
0 0.04867307190111418 0.09309895833333365 0.06377850800835651 0.1236979166666664
0 0.5409983968779014 0.08528645833333365 0.06377850800835651 0.1236979166666664
0 0.5902309293755803 0.08658854166666696 0.06377850800835651 0.1236979166666664
1 0.6383445406801298 0.08528645833333365 0.06377850800835651 0.1236979166666664
0 0.6875770731778087 0.08658854166666696 0.06377850800835651 0.1236979166666664
1 0.7356906844823583 0.08268229166666696 0.06377850800835651 0.1236979166666664
0 0.8257638405292471 0.6035156250000003 0.09846506499535751 0.07421874999999988
1 0.8246449193361179 0.5501302083333336 0.09846506499535751 0.07421874999999988
1 0.8268827617223761 0.4928385416666669 0.09846506499535751 0.07421874999999988
1 0.8268827617223761 0.4355468750000003 0.09846506499535751 0.07421874999999988
1 0.8268827617223761 0.3769531250000003 0.09846506499535751 0.07421874999999988
1 0.8291206041086342 0.3196614583333336 0.09846506499535751 0.07421874999999988
0 0.8224070769498598 0.2610677083333336 0.09846506499535751 0.07421874999999988
0 0.8224070769498598 0.20377604166666696 0.09846506499535751 0.07421874999999988
