0 0.23344797936371456 0.2818142734307824 0.12639724849527087 0.135597592433362
0 0.229578675838349 0.38392089423903675 0.12209802235597594 0.1274290627687016
1 0.22527944969905409 0.48194325021496104 0.12209802235597594 0.1274290627687016
1 0.22527944969905409 0.5799656061908853 0.12209802235597594 0.1274290627687016
1 0.2209802235597592 0.68615649183147 0.12209802235597594 0.1274290627687016
1 0.22871883061049 0.7858125537403263 0.12209802235597594 0.1274290627687016
1 0.22699914015477202 0.8723989681857262 0.12209802235597594 0.1274290627687016
0 0.4496990541702497 0.2891659501289764 0.12209802235597604 0.11435941530524511
1 0.44969905417024963 0.3798366294067064 0.122098022355976 0.10945829750644875
0 0.4462596732588136 0.47132416165090246 0.122098022355976 0.10945829750644875
1 0.4453998280309547 0.5562768701633702 0.122098022355976 0.10945829750644875
1 0.44969905417024963 0.6526655202063624 0.122098022355976 0.10945829750644875
0 0.44453998280309576 0.7457867583834905 0.122098022355976 0.10945829750644875
0 0.44067067927773024 0.8568787618228708 0.13671539122957868 0.10945829750644874
0 0.566208082545142 0.7392519346517616 0.13671539122957868 0.10945829750644874
1 0.5571797076526227 0.6493981083404975 0.12725709372313 0.10945829750644867
1 0.5481513327601033 0.5562768701633689 0.11951848667239895 0.10945829750644867
1 0.5490111779879623 0.47132416165090113 0.11951848667239895 0.10945829750644867
1 0.5455717970765264 0.37983662940670504 0.11951848667239895 0.10945829750644867
1 0.5455717970765264 0.2883490971625091 0.11951848667239895 0.10945829750644867
0 0.5636285468615649 0.18869303525365264 0.12983662940670673 0.10945829750644862
1 0.44668959587274304 0.19522785898538098 0.11951848667239895 0.10945829750644867
1 0.7682717110920035 0.18215821152192435 0.11951848667239895 0.10945829750644867
0 0.9006167090263317 0.1708886916484047 0.13829274737338434 0.11926053310404099
1 0.8933791917454854 0.28916595012897534 0.1289767841788477 0.117626827171109
0 0.8950988822012035 0.39208942390369583 0.1289767841788477 0.117626827171109
0 0.8942390369733445 0.48684436801375613 0.1289767841788477 0.117626827171109
0 0.8968185726569214 0.5881341358555445 0.1289767841788477 0.117626827171109
0 0.8993981083404984 0.6861564918314689 0.1289767841788477 0.117626827171109
0 0.8985382631126393 0.7907136715391213 0.1289767841788477 0.117626827171109
0 0.8976784178847802 0.8903697334479779 0.1289767841788477 0.117626827171109
0 0.7850386930352532 0.89200343938091 0.1289767841788477 0.117626827171109
0 0.7824591573516764 0.7882631126397236 0.1289767841788477 0.12906276870163363
0 0.7815993121238174 0.6845227858985368 0.1289767841788477 0.117626827171109
0 0.7755803955288044 0.5848667239896804 0.1289767841788477 0.117626827171109
0 0.7747205503009456 0.48521066208082403 0.1289767841788477 0.117626827171109
0 0.7738607050730866 0.38718830610489974 0.1289767841788477 0.117626827171109
0 0.7704213241616503 0.2907996560619072 0.1392949269131552 0.117626827171109
