0 0.1706792777300086 0.62222851377267 0.057609630266552046 0.3068855194140936
0 0.2631126397248497 0.6125628281218322 0.0636285468615648 0.30688551941409353
0 0.31814273430782475 0.617395670947251 0.0636285468615648 0.30688551941409353
0 0.36973344797936386 0.6101464067091227 0.056749785038693074 0.30688551941409364
0 0.4144453998280311 0.6028971424709944 0.056749785038693074 0.30688551941409364
1 0.5081685296646605 0.6004807210582851 0.056749785038693074 0.30688551941409364
1 0.4634565778159933 0.6028971424709944 0.056749785038693074 0.30688551941409364
0 0.5537403267411867 0.6004807210582851 0.056749785038693074 0.30688551941409364
0 0.6061908856405849 0.5980642996455756 0.056749785038693074 0.30688551941409364
0 0.6534823731728291 0.5932314568201569 0.056749785038693074 0.30688551941409364
0 0.7059329320722272 0.5932314568201569 0.056749785038693074 0.30688551941409364
1 0.7532244196044714 0.58114934975661 0.056749785038693074 0.30688551941409364
0 0.8005159071367156 0.5714836641057722 0.056749785038693074 0.30688551941409364
0 0.8460877042132418 0.5739000855184817 0.056749785038693074 0.30688551941409364
0 0.8400687876182289 0.29842804446961024 0.056749785038693074 0.30688551941409364
0 0.7936371453138436 0.30567730870773846 0.056749785038693074 0.30688551941409364
0 0.7472055030094583 0.31051015153315725 0.056749785038693074 0.30688551941409364
0 0.7016337059329321 0.3129265729458666 0.056749785038693074 0.30688551941409364
0 0.6526225279449699 0.3129265729458666 0.056749785038693074 0.30688551941409364
0 0.6018916595012898 0.315342994358576 0.056749785038693074 0.30688551941409364
0 0.5546001719690457 0.3201758371839948 0.056749785038693074 0.30688551941409364
0 0.5064488392089425 0.3225922585967042 0.056749785038693074 0.30688551941409364
0 0.45743766122098023 0.3201758371839948 0.056749785038693074 0.30688551941409364
0 0.41014617368873607 0.33225794424754185 0.056749785038693074 0.30688551941409364
0 0.3619948409286329 0.33225794424754185 0.056749785038693074 0.30688551941409364
0 0.3164230438521066 0.33225794424754185 0.056749785038693074 0.30688551941409364
0 0.2601031814273431 0.3370907870729604 0.06964746345657793 0.3068855194140936
0 0.17239896818572656 0.33467436566025094 0.05932932072227006 0.30688551941409337
