0 0.3443140794223827 0.17447916666666663 0.3474729241877257 0.15364583333333331
0 0.3537906137184116 0.24869791666666663 0.3474729241877257 0.15364583333333331
0 0.3443140794223827 0.31640625 0.3474729241877257 0.15364583333333331
0 0.3537906137184116 0.390625 0.3474729241877257 0.15364583333333331
1 0.3537906137184116 0.46093749999999994 0.3474729241877257 0.15364583333333331
0 0.3443140794223827 0.5260416666666665 0.3474729241877257 0.15364583333333331
0 0.3537906137184116 0.6041666666666665 0.3474729241877257 0.15364583333333331
0 0.3506317689530687 0.6731770833333331 0.3474729241877257 0.15364583333333331
1 0.35694945848375453 0.7460937499999999 0.3474729241877257 0.15364583333333331
0 0.3537906137184116 0.8177083333333333 0.3474729241877257 0.15364583333333331
1 0.3537906137184116 0.8867187499999999 0.3474729241877257 0.15364583333333331
1 0.6791516245487366 0.8828124999999999 0.3474729241877257 0.15364583333333331
1 0.6854693140794226 0.8124999999999999 0.3474729241877257 0.15364583333333331
1 0.6949458483754526 0.744140625 0.3474729241877261 0.16796874999999986
0 0.6917870036101097 0.6751302083333335 0.3474729241877261 0.16796874999999986
0 0.6823104693140807 0.6048177083333335 0.3474729241877261 0.16796874999999986
0 0.6823104693140807 0.5253906250000001 0.3474729241877261 0.16796874999999986
1 0.6791516245487378 0.45768229166666674 0.3474729241877261 0.16796874999999986
0 0.6791516245487378 0.3899739583333334 0.3474729241877261 0.16796874999999986
0 0.6854693140794237 0.3157552083333334 0.3474729241877261 0.16796874999999986
0 0.6854693140794237 0.24544270833333343 0.3474729241877261 0.16796874999999986
0 0.6696750902527089 0.1855468750000001 0.3474729241877261 0.16796874999999986
