1 0.14316423043852108 0.3016971898329328 0.1057609630266552 0.1640295401033421
1 0.19045571797076527 0.3104844866241833 0.1057609630266552 0.1640295401033421
1 0.23258813413585552 0.31194903608939173 0.1057609630266552 0.1640295401033421
1 0.27815993121238175 0.31487813501980855 0.1057609630266552 0.1640295401033421
1 0.3177128116938951 0.31487813501980855 0.1057609630266552 0.1640295401033421
1 0.3641444539982803 0.32220088234585054 0.1057609630266552 0.1640295401033421
1 0.40541702493551157 0.32366543181105895 0.1057609630266552 0.1640295401033421
1 0.45012897678417885 0.3280590802066842 0.1057609630266552 0.1640295401033421
1 0.49484092863284607 0.330988179137101 0.1057609630266552 0.1640295401033421
0 0.5455717970765263 0.3353818275327262 0.1057609630266552 0.1640295401033421
1 0.5894239036973344 0.33831092646314304 0.1057609630266552 0.1640295401033421
1 0.6375752364574376 0.3397754759283515 0.1057609630266552 0.1640295401033421
0 0.6788478073946691 0.3427045748587683 0.1057609630266552 0.1640295401033421
1 0.7235597592433364 0.34563367378918514 0.1057609630266552 0.1640295401033421
1 0.7742906276870165 0.34563367378918514 0.1057609630266552 0.1640295401033421
0 0.8164230438521067 0.34709822325439355 0.1057609630266552 0.1640295401033421
1 0.14488392089423915 0.16402954010334203 0.1057609630266552 0.1640295401033421
0 0.19905417024935523 0.1669586390337588 0.1057609630266552 0.1640295401033421
1 0.23602751504729153 0.1757459358250093 0.1057609630266552 0.1640295401033421
0 0.27815993121238175 0.1772104852902177 0.1057609630266552 0.1640295401033421
1 0.326311263972485 0.17867503475542612 0.1057609630266552 0.1640295401033421
1 0.3667239896818573 0.18306868315105138 0.1057609630266552 0.1640295401033421
1 0.4114359415305245 0.18306868315105138 0.1057609630266552 0.1640295401033421
1 0.4604471195184867 0.19185597994230186 0.1057609630266552 0.1640295401033421
1 0.5051590713671539 0.19039143047709345 0.1057609630266552 0.1640295401033421
1 0.555030094582975 0.19332052940751027 0.1057609630266552 0.1640295401033421
0 0.6031814273430782 0.19478507887271868 0.1057609630266552 0.1640295401033421
0 0.6478933791917456 0.20064327673355234 0.1057609630266552 0.1640295401033421
0 0.6917454858125538 0.21382422192042802 0.1057609630266552 0.1640295401033421
0 0.7381771281169389 0.21821787031605325 0.1057609630266552 0.1640295401033421
0 0.7794496990541703 0.22407606817688688 0.1057609630266552 0.1640295401033421
0 0.8241616509028374 0.2284697165725121 0.1057609630266552 0.1640295401033421
1 0.16809974204643166 0.6151107753875329 0.1057609630266552 0.1640295401033421
1 0.2162510748065348 0.6238980721787832 0.1057609630266552 0.1640295401033421
0 0.26010318142734307 0.6238980721787832 0.1057609630266552 0.1640295401033421
0 0.30825451418744626 0.6312208195048253 0.1057609630266552 0.1640295401033421
1 0.3572656921754085 0.6341499184352422 0.1057609630266552 0.1640295401033421
0 0.4062768701633706 0.6385435668308674 0.1057609630266552 0.1640295401033421
0 0.4535683576956149 0.6385435668308674 0.1057609630266552 0.1640295401033421
1 0.4896818572656922 0.6385435668308674 0.1057609630266552 0.1640295401033421
0 0.5447119518486673 0.6385435668308674 0.1057609630266552 0.1640295401033421
1 0.5928632846087704 0.6458663141569096 0.1057609630266552 0.1640295401033421
0 0.6496130696474636 0.6429372152264928 0.1057609630266552 0.1640295401033421
0 0.7063628546861564 0.6444017646917013 0.1057609630266552 0.1640295401033421
0 0.8155631986242475 0.6136462259223247 0.10576096302665522 0.1171639572166731
0 0.8293207222699914 0.8098958542602517 0.1057609630266552 0.1640295401033421
0 0.7527944969905417 0.7937858101429591 0.1057609630266552 0.1640295401033421
0 0.6883061049011178 0.7981794585385843 0.1057609630266552 0.1640295401033421
0 0.6401547721410147 0.7908567112125424 0.1057609630266552 0.1640295401033421
0 0.5920034393809114 0.7967149090733759 0.1057609630266552 0.1640295401033421
1 0.5447119518486673 0.7879276122821256 0.1057609630266552 0.1640295401033421
0 0.5094582975064488 0.7864630628169172 0.1057609630266552 0.1640295401033421
0 0.44926913155631987 0.782069414421292 0.1057609630266552 0.1640295401033421
1 0.40627687016337055 0.77474666709525 0.1057609630266552 0.1640295401033421
1 0.3529664660361135 0.7718175681648332 0.1057609630266552 0.1640295401033421
0 0.3116938950988822 0.7644948208387911 0.1057609630266552 0.1640295401033421
0 0.25408426483233015 0.7644948208387911 0.1057609630266552 0.1640295401033421
