0 0.1302665520206363 0.34424693351115165 0.05245055889939811 0.1849685015880815
1 0.16981943250214962 0.33910891957814937 0.05245055889939811 0.1849685015880815
1 0.20851246775580395 0.33910891957814937 0.05245055889939811 0.1849685015880815
0 0.2403267411865864 0.34082159088915004 0.05245055889939811 0.1849685015880815
0 0.28073946689595874 0.3373962482671486 0.05245055889939811 0.1849685015880815
1 0.31599312123817724 0.33910891957814926 0.05245055889939811 0.1849685015880815
1 0.3538263112639725 0.3373962482671486 0.05245055889939811 0.1849685015880815
1 0.3899398108340499 0.33397090564514703 0.05245055889939811 0.1849685015880815
1 0.4286328460877042 0.3373962482671486 0.05245055889939811 0.1849685015880815
0 0.46388650042992263 0.3373962482671486 0.05245055889939811 0.1849685015880815
0 0.5025795356835769 0.33910891957814926 0.05245055889939811 0.1849685015880815
0 0.5386930352536543 0.3373962482671486 0.05245055889939811 0.1849685015880815
0 0.5756663800515907 0.33910891957814926 0.05245055889939811 0.1849685015880815
0 0.612639724849527 0.34082159088915004 0.05245055889939811 0.1849685015880815
0 0.6521926053310405 0.33910891957814926 0.05245055889939811 0.1849685015880815
1 0.6883061049011178 0.3373962482671486 0.05245055889939811 0.1849685015880815
0 0.7209802235597593 0.34082159088915004 0.05245055889939811 0.1849685015880815
0 0.7605331040412726 0.3442469335111516 0.05245055889939811 0.1849685015880815
0 0.7949269131556319 0.3425342622001508 0.05245055889939811 0.1849685015880815
0 0.8336199484092863 0.3356835769561478 0.05245055889939811 0.1849685015880815
0 0.8697334479793636 0.3356835769561478 0.05245055889939811 0.1849685015880815
0 0.8714531384350817 0.19181918683208443 0.05245055889939811 0.1849685015880815
0 0.8370593293207221 0.19181918683208443 0.05245055889939811 0.1849685015880815
1 0.7975064488392088 0.19353185814308518 0.05245055889939811 0.1849685015880815
1 0.7648323301805675 0.19353185814308518 0.05245055889939811 0.1849685015880815
0 0.7252794496990542 0.19353185814308518 0.05245055889939811 0.1849685015880815
0 0.6874462596732589 0.1952445294540859 0.05245055889939811 0.1849685015880815
1 0.6504729148753223 0.19353185814308518 0.05245055889939811 0.1849685015880815
0 0.612639724849527 0.19181918683208443 0.05245055889939811 0.1849685015880815
0 0.5756663800515905 0.19010651552108368 0.05245055889939811 0.1849685015880815
1 0.5429922613929492 0.19353185814308518 0.05245055889939811 0.1849685015880815
0 0.49999999999999983 0.19353185814308518 0.05245055889939811 0.1849685015880815
1 0.46646603611349946 0.19181918683208443 0.05245055889939811 0.1849685015880815
1 0.43207222699914005 0.19353185814308518 0.05245055889939811 0.1849685015880815
1 0.39509888220120365 0.19181918683208443 0.05245055889939811 0.1849685015880815
1 0.3572656921754083 0.19010651552108368 0.05245055889939811 0.1849685015880815
1 0.31599312123817713 0.19353185814308518 0.05245055889939811 0.1849685015880815
1 0.28245915735167665 0.1952445294540859 0.05245055889939811 0.1849685015880815
1 0.24290627687016333 0.20209521469808894 0.05245055889939811 0.1849685015880815
1 0.20851246775580393 0.19695720076508672 0.05245055889939811 0.1849685015880815
1 0.16981943250214956 0.20038254338708816 0.05245055889939811 0.1849685015880815
0 0.13370593293207217 0.19695720076508672 0.05245055889939811 0.1849685015880815
0 0.13026655202063622 0.690206538333304 0.05245055889939811 0.1849685015880815
0 0.16638005159071362 0.6919192096443048 0.05245055889939811 0.1849685015880815
1 0.20507308684436798 0.6884938670223032 0.05245055889939811 0.1849685015880815
1 0.23946689595872736 0.6884938670223032 0.05245055889939811 0.1849685015880815
1 0.2781599312123817 0.6884938670223032 0.05245055889939811 0.1849685015880815
0 0.3125537403267411 0.690206538333304 0.05245055889939811 0.1849685015880815
1 0.35382631126397235 0.690206538333304 0.05245055889939811 0.1849685015880815
0 0.38907996560619074 0.697057223577307 0.05245055889939811 0.1849685015880815
0 0.42605331040412714 0.7004825661993085 0.05245055889939811 0.1849685015880815
0 0.46302665520206354 0.7004825661993085 0.05245055889939811 0.1849685015880815
0 0.4991401547721408 0.7056205801323108 0.05245055889939811 0.1849685015880815
0 0.5395528804815131 0.7021952375103093 0.05245055889939811 0.1849685015880815
0 0.6109200343938089 0.6953445522663061 0.05245055889939811 0.1849685015880815
0 0.5730868443680135 0.6987698948883078 0.05245055889939811 0.1849685015880815
0 0.7957867583834907 0.6970572235773069 0.05245055889939811 0.1849685015880815
0 0.7596732588134131 0.7004825661993084 0.05245055889939811 0.1849685015880815
0 0.7252794496990539 0.7004825661993084 0.05245055889939811 0.1849685015880815
0 0.6840068787618228 0.7056205801323107 0.05245055889939811 0.1849685015880815
0 0.6435941530524504 0.6987698948883075 0.05245055889939811 0.1849685015880815
0 0.8319002579535681 0.6987698948883075 0.05245055889939811 0.1849685015880815
0 0.8688736027515046 0.7004825661993084 0.05245055889939811 0.1849685015880815
1 0.8680137575236455 0.8529103128783756 0.05245055889939811 0.1849685015880815
0 0.831900257953568 0.8494849702563739 0.05245055889939811 0.1849685015880815
0 0.7949269131556317 0.8477722989453733 0.05245055889939811 0.1849685015880815
0 0.7579535683576952 0.8580483268113778 0.05245055889939811 0.1849685015880815
0 0.7209802235597589 0.8580483268113778 0.05245055889939811 0.1849685015880815
0 0.6857265692175405 0.8529103128783756 0.05245055889939811 0.1849685015880815
0 0.6453138435081682 0.8546229841893762 0.05245055889939811 0.1849685015880815
0 0.6117798796216678 0.8511976415673748 0.05245055889939811 0.1849685015880815
0 0.5730868443680133 0.8529103128783754 0.05245055889939811 0.1849685015880815
0 0.5386930352536539 0.8563356555003768 0.05245055889939811 0.1849685015880815
0 0.49742046431642256 0.8529103128783753 0.05245055889939811 0.1849685015880815
0 0.4630266552020632 0.8511976415673744 0.05245055889939811 0.1849685015880815
1 0.4234737747205499 0.8511976415673744 0.05245055889939811 0.1849685015880815
1 0.38822012037833153 0.84092161370137 0.05245055889939811 0.1849685015880815
1 0.3503869303525362 0.847772298945373 0.05245055889939811 0.1849685015880815
1 0.31685296646603583 0.8443469563233715 0.05245055889939811 0.1849685015880815
0 0.27901977644024045 0.8374962710793684 0.05245055889939811 0.1849685015880815
1 0.24118658641444513 0.8426342850123707 0.05245055889939811 0.1849685015880815
0 0.20679277730008572 0.8374962710793686 0.05245055889939811 0.1849685015880815
0 0.1646603611349954 0.8426342850123707 0.05245055889939811 0.1849685015880815
