1 0.20980223559759245 0.592373021978849 0.09974204643164225 0.29895460922297085
1 0.2648323301805675 0.6034454149130332 0.09974204643164225 0.29895460922297085
1 0.32287188306104886 0.6034454149130328 0.10576096302665502 0.3100270021571547
1 0.37274290627687 0.6089816113801249 0.10576096302665502 0.3100270021571547
1 0.4251934651762682 0.6034454149130328 0.10576096302665502 0.3100270021571547
1 0.47936371453138427 0.6062135131465789 0.10576096302665502 0.3100270021571547
1 0.5326741186586414 0.6089816113801249 0.10576096302665502 0.3100270021571547
1 0.5834049871023216 0.6062135131465789 0.10576096302665502 0.3100270021571547
1 0.6367153912295787 0.6117497096136709 0.10576096302665502 0.3100270021571547
1 0.6926053310404126 0.6034454149130328 0.10576096302665502 0.3100270021571547
1 0.7441960447119517 0.6034454149130328 0.10576096302665502 0.3100270021571547
1 0.7966466036113499 0.6089816113801249 0.10576096302665502 0.3100270021571547
1 0.8551160791057609 0.6089816113801249 0.10576096302665502 0.3100270021571547
1 0.21238177128116945 0.3183312968577919 0.09974204643164225 0.29895460922297085
1 0.2665520206362855 0.3183312968577919 0.09974204643164225 0.29895460922297085
1 0.32502149613069653 0.3183312968577919 0.09974204643164225 0.29895460922297085
1 0.37489251934651774 0.3155631986242458 0.09974204643164225 0.29895460922297085
1 0.42562338779019787 0.32109939509133795 0.09974204643164225 0.29895460922297085
1 0.478933791917455 0.32109939509133795 0.09974204643164225 0.29895460922297085
1 0.5322441960447121 0.329403689791976 0.09974204643164225 0.29895460922297085
1 0.5872742906276871 0.32663559155842997 0.09974204643164225 0.29895460922297085
1 0.6448839208942391 0.329403689791976 0.09974204643164225 0.29895460922297085
1 0.6947549441100602 0.3377079844926141 0.09974204643164225 0.29895460922297085
1 0.7480653482373172 0.33217178802552205 0.09974204643164225 0.29895460922297085
1 0.7979363714531386 0.329403689791976 0.09974204643164225 0.29895460922297085
1 0.8486672398968187 0.3377079844926141 0.09974204643164225 0.29895460922297085
