1 0.08106960950764008 0.4429806468981625 0.05008488964346351 0.30737432641913315
1 0.12011884550084892 0.4369536993213168 0.05008488964346351 0.30737432641913315
1 0.15577249575551785 0.43996717310973965 0.05008488964346351 0.30737432641913315
1 0.19651952461799663 0.4429806468981625 0.05008488964346351 0.30737432641913315
1 0.23387096774193553 0.43996717310973965 0.05008488964346351 0.30737432641913315
1 0.26952461799660443 0.4429806468981625 0.05008488964346351 0.30737432641913315
1 0.31112054329371813 0.43996717310973965 0.05008488964346351 0.30737432641913315
1 0.35101867572156203 0.43996717310973965 0.05008488964346351 0.30737432641913315
1 0.385823429541596 0.4429806468981625 0.05008488964346351 0.30737432641913315
1 0.4257215619694398 0.4429806468981625 0.05008488964346351 0.30737432641913315
1 0.46137521222410866 0.44900759447500826 0.05008488964346351 0.30737432641913315
1 0.5021222410865874 0.44900759447500815 0.05008488964346351 0.30737432641913315
1 0.5394736842105263 0.43695369932131667 0.05008488964346351 0.30737432641913315
1 0.5785229202037352 0.4339402255328938 0.05008488964346351 0.30737432641913315
1 0.617572156196944 0.42791327795604805 0.05008488964346351 0.30737432641913315
1 0.6557724957555179 0.42791327795604805 0.05008488964346351 0.30737432641913315
1 0.6948217317487265 0.4248998041676252 0.05008488964346351 0.30737432641913315
1 0.7678268251273345 0.43695369932131667 0.05008488964346351 0.30737432641913315
1 0.7321731748726655 0.42791327795604805 0.05008488964346351 0.30737432641913315
1 0.8060271646859084 0.43695369932131667 0.05008488964346351 0.30737432641913315
0 0.846774193548387 0.4339402255328938 0.05008488964346351 0.30737432641913315
0 0.8858234295415959 0.42791327795604805 0.05008488964346351 0.30737432641913315
1 0.9206281833616299 0.4218863303792023 0.05008488964346351 0.30737432641913315
0 0.9605263157894737 0.41887285659077944 0.05008488964346351 0.30737432641913315
1 0.11078098471986411 0.7383010781636046 0.08913412563667236 0.30737432641913315
1 0.15067911714770793 0.7322741305867589 0.08913412563667236 0.30737432641913315
1 0.19567062818336153 0.7352876043751817 0.08913412563667236 0.30737432641913315
1 0.2372665534804753 0.7413145519520274 0.08913412563667236 0.30737432641913315
1 0.2839558573853989 0.7413145519520274 0.08913412563667236 0.30737432641913315
1 0.3314940577249574 0.7503549733172961 0.08913412563667236 0.30737432641913315
1 0.3713921901528013 0.7473414995288732 0.08913412563667236 0.30737432641913315
0 0.41723259762308984 0.7413145519520274 0.08913412563667236 0.30737432641913315
0 0.46561969439728357 0.7654223422594104 0.08913412563667242 0.33750906430336214
1 0.5021222410865873 0.7443280257404504 0.08913412563667236 0.30737432641913315
0 0.5556027164685908 0.7473414995288732 0.08913412563667236 0.30737432641913315
0 0.596349745331069 0.7654223422594104 0.0891341256366723 0.3435360118802076
0 0.6404923599320881 0.7563819208941419 0.08913412563667236 0.30737432641913315
0 0.6871816638370117 0.7322741305867586 0.08913412563667236 0.30737432641913315
0 0.7185908319185057 0.7383010781636046 0.08913412563667236 0.30737432641913315
0 0.7686757215619688 0.7428212888462385 0.09252971137521232 0.3224416953612472
0 0.8162139219015274 0.7337808674809699 0.09252971137521232 0.3224416953612472
0 0.8595076400679111 0.7367943412693928 0.09252971137521232 0.3224416953612472
0 0.9028013582342947 0.7277539199041242 0.09252971137521232 0.3224416953612472
