1 0.30005472524154597 0.13736979166666666 0.2416025060386475 0.0846354166666666
1 0.2922610960144929 0.20117187499999997 0.2416025060386475 0.08463541666666659
0 0.29745684883252826 0.26757812499999994 0.2416025060386475 0.08463541666666659
1 0.2896632196054751 0.3313802083333332 0.2416025060386475 0.08463541666666659
1 0.2896632196054751 0.40039062499999983 0.2416025060386475 0.08463541666666659
0 0.2948589724235105 0.4641927083333332 0.2416025060386475 0.08463541666666659
1 0.2818695903784219 0.5305989583333333 0.2416025060386475 0.08463541666666659
1 0.2740759611513688 0.5944010416666665 0.2416025060386475 0.08463541666666659
0 0.29745684883252815 0.6621093749999993 0.2987557870370371 0.08463541666666656
1 0.8170321306360709 0.634765624999999 0.2467982588566829 0.08463541666666653
1 0.2662823319243156 0.7324218749999994 0.24160250603864714 0.08463541666666659
1 0.8144342542270533 0.5696614583333325 0.24679825885668294 0.08463541666666653
1 0.8196300070450887 0.5045572916666657 0.24679825885668294 0.08463541666666653
1 0.8170321306360709 0.4368489583333324 0.24679825885668294 0.08463541666666653
1 0.8222278834541064 0.3639322916666658 0.24679825885668294 0.08463541666666653
0 0.8196300070450886 0.3001302083333324 0.24679825885668294 0.08463541666666653
1 0.8248257598631241 0.2389322916666658 0.24679825885668294 0.08463541666666653
0 0.8144342542270533 0.1725260416666658 0.24679825885668294 0.08463541666666653
1 0.4325464221014488 0.8925781249999991 0.18444922504025718 0.13671874999999953
1 0.5728317481884053 0.8925781249999991 0.18444922504025718 0.13671874999999953
1 0.6923340630032202 0.8925781249999991 0.18444922504025718 0.13671874999999953
1 0.8534024003623182 0.8925781249999991 0.18444922504025718 0.13671874999999953
