1 0.5696745314591699 0.09309895833333331 0.32427627175368134 0.05078124999999997
0 0.5915850903614457 0.12825520833333331 0.32427627175368134 0.05078124999999997
1 0.5872029785809906 0.16471354166666663 0.32427627175368134 0.05078124999999997
1 0.5915850903614457 0.19986979166666663 0.32427627175368134 0.05078124999999997
0 0.5915850903614457 0.23893229166666663 0.32427627175368134 0.05078124999999997
0 0.5872029785809906 0.2766927083333333 0.32427627175368134 0.05078124999999997
1 0.5959672021419009 0.310546875 0.32427627175368134 0.05078124999999997
0 0.5915850903614457 0.345703125 0.32427627175368134 0.05078124999999997
1 0.5872029785809906 0.380859375 0.32427627175368134 0.05078124999999997
1 0.5915850903614457 0.416015625 0.32427627175368134 0.05078124999999997
1 0.5915850903614457 0.44986979166666674 0.32427627175368134 0.05078124999999997
0 0.6047314257028111 0.48893229166666674 0.32427627175368134 0.05078124999999997
1 0.5915850903614457 0.5214843750000001 0.32427627175368134 0.05078124999999997
0 0.5915850903614457 0.5605468750000001 0.32427627175368134 0.05078124999999997
1 0.5959672021419009 0.5983072916666669 0.32427627175368134 0.05078124999999997
0 0.5915850903614457 0.6321614583333335 0.32427627175368134 0.05078124999999997
1 0.5872029785809906 0.6686197916666669 0.32427627175368134 0.05078124999999997
0 0.5915850903614457 0.6998697916666669 0.32427627175368134 0.05078124999999997
0 0.5915850903614457 0.7350260416666669 0.32427627175368134 0.05078124999999997
1 0.5959672021419009 0.7779947916666669 0.32427627175368134 0.05078124999999997
0 0.5915850903614457 0.8118489583333335 0.32427627175368134 0.05078124999999997
1 0.6091135374832664 0.8483072916666669 0.32427627175368134 0.05078124999999997
0 0.600349313922356 0.8821614583333335 0.32427627175368134 0.05078124999999997
1 0.6091135374832664 0.9199218750000001 0.32427627175368134 0.05078124999999997
0 0.3374226070950468 0.9225260416666669 0.32427627175368134 0.05078124999999997
0 0.3242762717536813 0.8847656250000001 0.32427627175368134 0.05078124999999997
0 0.3330404953145916 0.8470052083333335 0.32427627175368134 0.05078124999999997
0 0.3286583835341365 0.8092447916666669 0.32427627175368134 0.05078124999999997
1 0.3242762717536813 0.7727864583333335 0.32427627175368134 0.05078124999999997
0 0.3242762717536813 0.7363281250000001 0.32427627175368134 0.05078124999999997
0 0.34180471887550196 0.7024739583333335 0.32427627175368134 0.05078124999999997
1 0.3198941599732262 0.6660156250000001 0.32427627175368134 0.05078124999999997
0 0.3286583835341365 0.6269531250000001 0.32427627175368134 0.05078124999999997
0 0.315512048192771 0.5891927083333335 0.32427627175368134 0.05078124999999997
0 0.2804551539491296 0.5592447916666667 0.3418047188755018 0.05078124999999994
0 0.31112993641231584 0.5253906250000001 0.32427627175368134 0.05078124999999997
1 0.3286583835341365 0.4889322916666668 0.32427627175368134 0.05078124999999997
0 0.3198941599732262 0.45507812500000017 0.32427627175368134 0.05078124999999997
0 0.3198941599732262 0.41601562500000017 0.32427627175368134 0.05078124999999997
1 0.31112993641231584 0.3821614583333335 0.32427627175368134 0.05078124999999997
0 0.3242762717536813 0.3444010416666668 0.32427627175368134 0.05078124999999997
1 0.3374226070950468 0.3092447916666668 0.32427627175368134 0.05078124999999997
1 0.3242762717536813 0.27148437500000017 0.32427627175368134 0.05078124999999997
1 0.3242762717536813 0.23632812500000014 0.32427627175368134 0.05078124999999997
1 0.3198941599732262 0.20117187500000014 0.32427627175368134 0.05078124999999997
1 0.3067478246318607 0.16601562500000014 0.32427627175368134 0.05078124999999997
1 0.35056894243641223 0.12825520833333345 0.32427627175368134 0.05078124999999997
0 0.3198941599732262 0.0944010416666668 0.32427627175368134 0.05078124999999997
