1 0.20836654974489796 0.13932291666666666 0.19774394132653064 0.08854166666666669
0 0.2198062818877551 0.21223958333333337 0.19774394132653064 0.08854166666666669
1 0.20673230229591838 0.29166666666666674 0.19774394132653064 0.08854166666666669
1 0.21163504464285715 0.42838541666666663 0.19774394132653064 0.08854166666666669
1 0.21817203443877553 0.5039062499999999 0.19774394132653064 0.08854166666666669
1 0.20673230229591838 0.5716145833333333 0.19774394132653064 0.08854166666666669
1 0.20673230229591838 0.6445312499999999 0.19774394132653064 0.08854166666666669
1 0.21163504464285715 0.7187499999999999 0.19774394132653064 0.08854166666666669
0 0.21163504464285715 0.7864583333333331 0.19774394132653064 0.08854166666666669
0 0.20182955994897958 0.8606770833333331 0.19774394132653064 0.08854166666666669
0 0.20509805484693877 0.9322916666666664 0.19774394132653064 0.08854166666666669
0 0.6414421237244897 0.7734374999999999 0.19774394132653064 0.08854166666666669
0 0.6332708864795918 0.7031249999999999 0.19774394132653064 0.08854166666666669
0 0.6349051339285715 0.6367187499999999 0.19774394132653064 0.08854166666666669
0 0.6414421237244897 0.5624999999999999 0.19774394132653064 0.08854166666666669
1 0.6283681441326532 0.49609374999999983 0.19774394132653064 0.08854166666666669
0 0.6283681441326532 0.4322916666666666 0.19774394132653064 0.08854166666666669
1 0.6300023915816326 0.35677083333333315 0.19774394132653064 0.08854166666666669
0 0.6267338966836735 0.2916666666666665 0.19774394132653064 0.08854166666666669
0 0.8947504783163267 0.2916666666666665 0.19774394132653064 0.08854166666666669
0 0.9011280293367347 0.35937499999999983 0.19774394132653064 0.08854166666666669
1 0.9011280293367347 0.42578124999999983 0.19774394132653064 0.08854166666666669
0 0.9011280293367347 0.4908854166666666 0.19774394132653064 0.08854166666666669
0 0.9011280293367347 0.5611979166666665 0.19774394132653064 0.08854166666666669
0 0.9011280293367347 0.6354166666666665 0.19774394132653064 0.08854166666666669
0 0.9011280293367347 0.7044270833333331 0.19774394132653064 0.08854166666666669
0 0.9011280293367347 0.7695312499999999 0.19774394132653064 0.08854166666666669
