0 0.11049011177987962 0.6118639427026039 0.10920034393809114 0.34618617810805224
0 0.206792777300086 0.619914784053954 0.10920034393809114 0.34618617810805224
0 0.28675838349097177 0.6098512323647666 0.08340498710232175 0.34618617810805213
0 0.34952708512467767 0.6058258116890916 0.08340498710232175 0.34618617810805213
0 0.4131556319862426 0.6098512323647666 0.08340498710232175 0.34618617810805213
0 0.4802235597592434 0.611863942702604 0.08340498710232175 0.34618617810805213
0 0.5378331900257954 0.611863942702604 0.08340498710232175 0.34618617810805213
0 0.6006018916595015 0.6138766530404416 0.08340498710232175 0.34618617810805213
0 0.6702493551160792 0.6138766530404416 0.08340498710232175 0.34618617810805213
0 0.7295786758383491 0.6199147840539542 0.08340498710232175 0.34618617810805213
0 0.7932072226999141 0.6199147840539542 0.08340498710232175 0.34618617810805213
0 0.8533963886500431 0.6138766530404415 0.08340498710232175 0.34618617810805213
0 0.9213241616509029 0.6179020737161166 0.08340498710232175 0.34618617810805213
0 0.28503869303525375 0.2998938403377895 0.08340498710232175 0.34618617810805213
0 0.34952708512467767 0.2978811299999519 0.08340498710232175 0.34618617810805213
0 0.41057609630266556 0.2978811299999519 0.08340498710232175 0.34618617810805213
0 0.4785038693035254 0.30190655067562694 0.08340498710232175 0.34618617810805213
0 0.5464316423043853 0.2998938403377895 0.08340498710232175 0.34618617810805213
0 0.6100601891659503 0.305931971351302 0.08340498710232175 0.34618617810805213
0 0.6728288907996561 0.31197010236481454 0.08340498710232175 0.34618617810805213
0 0.7330180567497852 0.30995739202697703 0.08340498710232175 0.34618617810805213
0 0.7906276870163373 0.31398281270265205 0.08340498710232175 0.34618617810805213
0 0.8585554600171972 0.31599552304048956 0.08340498710232175 0.34618617810805213
0 0.9213241616509031 0.3079446816891395 0.08340498710232175 0.34618617810805213
0 0.1113499570077386 0.30593197135130196 0.10920034393809114 0.34618617810805224
0 0.205073086844368 0.29788112999995187 0.10920034393809114 0.34618617810805224
