0 0.07134751279284299 0.6536231884057971 0.050962509137745006 0.3217391304347826
1 0.11381627040763047 0.6536231884057971 0.050962509137745006 0.3217391304347826
0 0.1571344031747137 0.644927536231884 0.050962509137745006 0.3217391304347826
0 0.20385003655097983 0.6478260869565218 0.050962509137745006 0.33333333333333326
1 0.24801754447035884 0.644927536231884 0.050962509137745006 0.33333333333333326
0 0.291335677237442 0.6333333333333332 0.050962509137745006 0.33333333333333326
0 0.335503185156821 0.6333333333333332 0.050962509137745006 0.33333333333333326
0 0.3779719427716085 0.6362318840579708 0.050962509137745006 0.33333333333333326
0 0.4246875761478747 0.6391304347826086 0.050962509137745006 0.33333333333333326
0 0.46545758345807065 0.6246376811594202 0.050962509137745006 0.33333333333333326
1 0.5134472795627805 0.6217391304347826 0.05351063459463234 0.33333333333333326
0 0.5580394750583075 0.6188405797101448 0.050962509137745006 0.33333333333333326
0 0.6005082326730949 0.6159420289855072 0.050962509137745006 0.33333333333333326
1 0.6455251157447697 0.6130434782608696 0.050962509137745006 0.33333333333333326
1 0.6884185609357053 0.6072463768115943 0.05351063459463225 0.33333333333333326
0 0.7317366937027882 0.6144927536231887 0.05351063459463226 0.34782608695652134
1 0.7776029519267589 0.5956521739130437 0.053510634594632275 0.32753623188405756
1 0.821770459846138 0.5985507246376814 0.053510634594632275 0.32753623188405756
1 0.8676367180701086 0.5985507246376814 0.053510634594632275 0.32753623188405756
1 0.9084067253803046 0.5956521739130437 0.053510634594632275 0.32753623188405756
1 0.9517248581473878 0.5927536231884061 0.053510634594632275 0.32753623188405756
1 0.9525742332996836 0.32028985507246405 0.053510634594632275 0.32753623188405756
1 0.9067079750757131 0.31739130434782636 0.053510634594632275 0.32753623188405756
1 0.8659379677655171 0.32028985507246405 0.053510634594632275 0.32753623188405756
0 0.8217704598461382 0.32028985507246405 0.053510634594632275 0.32753623188405756
0 0.7733560761652805 0.3231884057971017 0.053510634594632275 0.32753623188405756
1 0.7325860688550846 0.33478260869565246 0.053510634594632275 0.32753623188405756
1 0.6875691857834099 0.3289855072463771 0.053510634594632275 0.32753623188405756
1 0.6408535524071436 0.32608695652173936 0.053510634594632275 0.32753623188405756
1 0.595836669335469 0.328985507246377 0.053510634594632275 0.32753623188405756
0 0.5533679117206814 0.3318840579710147 0.053510634594632275 0.32753623188405756
0 0.507501653496711 0.34057971014492777 0.053510634594632275 0.32753623188405756
1 0.46503289588192354 0.34057971014492777 0.053510634594632275 0.32753623188405756
0 0.4234135134194318 0.3463768115942031 0.053510634594632275 0.32753623188405756
0 0.37669788004316557 0.3463768115942031 0.053510634594632275 0.32753623188405756
0 0.3350784975806738 0.34927536231884077 0.053510634594632275 0.32753623188405756
0 0.2892122393567033 0.35507246376811624 0.053510634594632275 0.32753623188405756
0 0.24419535628502861 0.35797101449275387 0.053510634594632275 0.32753623188405756
0 0.2025759738225369 0.35797101449275387 0.053510634594632275 0.32753623188405756
0 0.15925784105545365 0.3550724637681163 0.05351063459463229 0.3565217391304346
0 0.11678908344066617 0.34927536231884093 0.05351063459463228 0.36811594202898523
0 0.07092282521669566 0.3304347826086959 0.053510634594632275 0.3768115942028983
