0 0.3938679245283019 0.13020833333333334 0.24799091544374557 0.09895833333333331
1 0.3938679245283019 0.2109375 0.24799091544374555 0.09895833333333331
1 0.40298523759608657 0.29166666666666674 0.24799091544374555 0.09895833333333331
0 0.40298523759608657 0.36848958333333337 0.24799091544374555 0.09895833333333331
0 0.40480870020964355 0.4440104166666666 0.2589316911250873 0.09895833333333327
0 0.4048087002096436 0.5221354166666666 0.24799091544374555 0.09895833333333331
0 0.4066321628232005 0.6028645833333334 0.2552847658979733 0.0989583333333333
1 0.41574947589098527 0.6796875 0.2552847658979733 0.0989583333333333
0 0.4175729385045422 0.7630208333333333 0.2552847658979733 0.0989583333333333
0 0.42486678895877 0.8437499999999999 0.2552847658979733 0.0989583333333333
0 0.6509761530398321 0.8385416666666665 0.2552847658979733 0.0989583333333333
0 0.6491526904262753 0.7539062499999999 0.2552847658979733 0.0989583333333333
0 0.6546230782669461 0.6770833333333331 0.2552847658979733 0.0989583333333333
0 0.6527996156533891 0.5963541666666665 0.2552847658979733 0.0989583333333333
0 0.6455057651991614 0.5247395833333331 0.2552847658979733 0.0989583333333333
0 0.6418588399720475 0.44140624999999983 0.2552847658979733 0.0989583333333333
0 0.6327415269042628 0.36328124999999983 0.2552847658979733 0.0989583333333333
1 0.6272711390635919 0.28515624999999983 0.2552847658979733 0.0989583333333333
1 0.6254476764500351 0.2096354166666665 0.2552847658979733 0.0989583333333333
1 0.621800751222921 0.1276041666666665 0.2552847658979733 0.0989583333333333
