1 0.40180621230811403 0.18098958333333331 0.367834258497807 0.11197916666666664
1 0.4088348924067982 0.2591145833333333 0.36783425849780693 0.11197916666666664
1 0.4135206791392544 0.3359375 0.36783425849780693 0.11197916666666664
1 0.4135206791392544 0.41145833333333326 0.36783425849780693 0.11197916666666664
1 0.4135206791392544 0.4908854166666666 0.36783425849780693 0.11197916666666664
1 0.4135206791392544 0.5598958333333331 0.36783425849780693 0.11197916666666664
1 0.42523514597039475 0.6458333333333331 0.36783425849780693 0.11197916666666664
1 0.42289225260416663 0.7174479166666664 0.36783425849780693 0.11197916666666664
1 0.4322638260690789 0.7994791666666664 0.36783425849780693 0.11197916666666664
1 0.42523514597039463 0.8776041666666664 0.36783425849780693 0.11197916666666664
1 0.7344970703125 0.8684895833333331 0.36783425849780693 0.11197916666666664
1 0.7298112835800439 0.7903645833333331 0.36783425849780693 0.11197916666666664
1 0.7227826034813597 0.7161458333333331 0.36783425849780693 0.11197916666666664
1 0.7298112835800439 0.6393229166666664 0.36783425849780693 0.11197916666666664
1 0.7298112835800439 0.5598958333333331 0.36783425849780693 0.11197916666666664
1 0.7227826034813597 0.48437499999999983 0.36783425849780693 0.11197916666666664
1 0.7134110300164473 0.40364583333333315 0.36783425849780693 0.11197916666666664
1 0.7040394565515351 0.3268229166666666 0.36783425849780693 0.11197916666666664
1 0.7110681366502193 0.2526041666666665 0.36783425849780693 0.11197916666666664
1 0.7274683902138157 0.1783854166666665 0.36783425849780693 0.11197916666666664
