1 0.1929062747426762 0.2734374999999999 0.23957714766429145 0.1145833333333333
1 0.19601766627078387 0.3606770833333332 0.23957714766429145 0.1145833333333333
1 0.2006847535629454 0.4596354166666666 0.23957714766429145 0.1145833333333333
1 0.20224044932699925 0.5507812499999999 0.23957714766429145 0.1145833333333333
1 0.20224044932699925 0.6419270833333333 0.23957714766429145 0.1145833333333333
1 0.20690753661916075 0.7369791666666667 0.23957714766429145 0.1145833333333333
1 0.7047301811163896 0.65234375 0.23957714766429145 0.1145833333333333
1 0.7047301811163896 0.7526041666666667 0.23957714766429145 0.1145833333333333
1 0.7187314429928742 0.43880208333333337 0.23957714766429145 0.1145833333333333
1 0.7202871387569287 0.34830729166666685 0.23957714766429153 0.10286458333333354
1 0.7202871387569286 0.2688802083333335 0.2395771476642915 0.11067708333333325
1 0.717175747228821 0.1790364583333335 0.23957714766429153 0.10286458333333354
