0 0.07512733446519525 0.6556358090414665 0.04159592529711375 0.3073292854881874
0 0.11078098471986418 0.6556358090414665 0.04159592529711375 0.3073292854881874
0 0.13879456706281834 0.6624653487189818 0.04159592529711375 0.3073292854881874
0 0.1702037351443124 0.6692948883964971 0.04159592529711375 0.3073292854881874
0 0.19821731748726656 0.6590505788802241 0.04159592529711375 0.3073292854881874
0 0.23217317487266553 0.6590505788802241 0.04159592529711375 0.3073292854881874
0 0.26358234295415955 0.6590505788802241 0.04159592529711375 0.3073292854881874
1 0.2932937181663837 0.6624653487189818 0.04159592529711375 0.3073292854881874
0 0.3280984719864176 0.6590505788802241 0.04159592529711375 0.3073292854881874
1 0.3569609507640068 0.6590505788802241 0.04159592529711375 0.3073292854881874
0 0.3892190152801358 0.6522210392027088 0.04159592529711375 0.3073292854881874
0 0.4206281833616299 0.6556358090414665 0.04159592529711375 0.3073292854881874
1 0.45288624787775894 0.6385619598476783 0.04159592529711375 0.3073292854881874
0 0.4792020373514431 0.6453914995251937 0.04159592529711375 0.3073292854881874
0 0.5097623089983022 0.6488062693639515 0.04159592529711375 0.3073292854881874
0 0.5454159592529713 0.6590505788802242 0.04159592529711375 0.3073292854881874
1 0.5751273344651954 0.6590505788802242 0.04159592529711375 0.3073292854881874
1 0.6056876061120545 0.6453914995251938 0.04159592529711375 0.3073292854881874
1 0.6353989813242786 0.6453914995251938 0.04159592529711375 0.3073292854881874
1 0.6676570458404076 0.6385619598476784 0.04159592529711375 0.3073292854881874
1 0.6982173174872667 0.631732420170163 0.04159592529711375 0.3073292854881874
0 0.7313242784380307 0.6351471900089206 0.04159592529711375 0.3073292854881874
1 0.75679117147708 0.6351471900089206 0.04159592529711375 0.3073292854881874
0 0.7890492359932091 0.6385619598476783 0.04159592529711375 0.3073292854881874
0 0.8213073005093382 0.6453914995251937 0.04159592529711375 0.3073292854881874
1 0.8544142614601022 0.6488062693639515 0.04159592529711375 0.3073292854881874
1 0.8858234295415963 0.6488062693639515 0.04159592529711375 0.3073292854881874
1 0.9146859083191855 0.6419767296864362 0.04159592529711375 0.3073292854881874
0 0.9138370118845505 0.3858689917796134 0.04159592529711375 0.3073292854881874
1 0.8849745331069613 0.37562468226334045 0.04159592529711375 0.3073292854881874
0 0.8527164685908324 0.3722099124245829 0.04159592529711375 0.3073292854881874
1 0.8204584040747034 0.3858689917796134 0.04159592529711375 0.3073292854881874
1 0.7882003395585743 0.38245422194085577 0.04159592529711375 0.3073292854881874
1 0.7593378607809852 0.38245422194085577 0.04159592529711375 0.3073292854881874
1 0.7296264855687612 0.3790394521020981 0.04159592529711375 0.3073292854881874
1 0.698217317487267 0.3722099124245829 0.04159592529711375 0.3073292854881874
1 0.6685059422750429 0.38245422194085577 0.04159592529711375 0.3073292854881874
1 0.6337011884550088 0.3790394521020981 0.04159592529711375 0.3073292854881874
0 0.6073853989813247 0.3790394521020981 0.04159592529711375 0.3073292854881874
0 0.5759762308998306 0.3790394521020981 0.04159592529711375 0.3073292854881874
1 0.5403225806451616 0.38245422194085577 0.04159592529711375 0.3073292854881874
0 0.5123089983022076 0.37562468226334045 0.04159592529711375 0.3073292854881874
0 0.48344651952461837 0.36879514258582524 0.04159592529711375 0.3073292854881874
0 0.45373514431239426 0.3790394521020981 0.04159592529711375 0.3073292854881874
0 0.4197792869269953 0.3653803727470676 0.04159592529711375 0.3073292854881874
0 0.3900679117147712 0.3653803727470676 0.04159592529711375 0.3073292854881874
0 0.35441426146010224 0.3722099124245829 0.04159592529711375 0.3073292854881874
0 0.32809847198641806 0.3790394521020981 0.04159592529711375 0.3073292854881874
0 0.294991511035654 0.3858689917796134 0.04159592529711375 0.3073292854881874
0 0.2644312393887949 0.3790394521020981 0.04159592529711375 0.3073292854881874
0 0.23217317487266592 0.3790394521020981 0.04159592529711375 0.3073292854881874
0 0.19906621392190188 0.3858689917796134 0.04159592529711375 0.3073292854881874
0 0.1693548387096778 0.3858689917796134 0.04159592529711375 0.3073292854881874
0 0.1430390492359936 0.3858689917796134 0.04159592529711375 0.3073292854881874
