1 0.1739540020790021 0.1796875 0.0850441787941788 0.16927083333333337
0 0.24795348232848233 0.18229166666666663 0.0850441787941788 0.16927083333333337
1 0.31863955301455305 0.18229166666666663 0.0850441787941788 0.16927083333333337
0 0.37828092515592515 0.18098958333333331 0.0850441787941788 0.16927083333333337
1 0.4434446465696466 0.18098958333333331 0.0850441787941788 0.16927083333333337
1 0.5174441268191269 0.1796875 0.0850441787941788 0.16927083333333337
1 0.5848167879417879 0.18359375 0.0850441787941788 0.16927083333333337
0 0.6488760395010396 0.18489583333333331 0.0850441787941788 0.16927083333333337
0 0.7151442307692308 0.18229166666666663 0.0850441787941788 0.16927083333333337
0 0.7869347713097714 0.17057291666666663 0.0850441787941788 0.16927083333333337
1 0.8520984927234929 0.1796875 0.0850441787941788 0.16927083333333337
1 0.8543074324324327 0.32942708333333326 0.0850441787941788 0.16927083333333337
1 0.7869347713097716 0.33072916666666663 0.0850441787941788 0.16927083333333337
1 0.7173531704781708 0.32942708333333326 0.0850441787941788 0.16927083333333337
1 0.6532939189189193 0.32682291666666663 0.0850441787941788 0.16927083333333337
1 0.5815033783783787 0.33072916666666663 0.0850441787941788 0.16927083333333337
1 0.5152351871101875 0.32161458333333326 0.0850441787941788 0.16927083333333337
1 0.4445491164241167 0.32552083333333326 0.0850441787941788 0.16927083333333337
1 0.3771764553014556 0.32682291666666663 0.0850441787941788 0.16927083333333337
1 0.31643061330561356 0.328125 0.0850441787941788 0.16927083333333337
1 0.24574454261954287 0.32421875 0.0850441787941788 0.16927083333333337
1 0.17395400207900236 0.32552083333333326 0.0850441787941788 0.16927083333333337
1 0.17616294178794206 0.6588541666666667 0.0850441787941788 0.16927083333333337
0 0.24795348232848258 0.6588541666666667 0.0850441787941788 0.16927083333333337
0 0.31422167359667386 0.6575520833333333 0.0850441787941788 0.16927083333333337
1 0.3826988045738049 0.6627604166666667 0.0850441787941788 0.16927083333333337
1 0.44786252598752624 0.66015625 0.0850441787941788 0.16927083333333337
0 0.5086083679833684 0.6575520833333333 0.0850441787941788 0.16927083333333337
0 0.5803989085239089 0.65625 0.0850441787941788 0.16927083333333337
0 0.6499805093555097 0.6575520833333333 0.0850441787941788 0.16927083333333337
0 0.7162487006237008 0.6588541666666667 0.0850441787941788 0.16927083333333337
0 0.7847258316008318 0.6614583333333333 0.0850441787941788 0.16927083333333337
1 0.8498895530145532 0.6614583333333333 0.0850441787941788 0.16927083333333337
1 0.858725311850312 0.8125000000000001 0.0850441787941788 0.16927083333333337
0 0.7814124220374219 0.8164062500000001 0.0850441787941788 0.16927083333333337
0 0.7162487006237005 0.8125000000000001 0.0850441787941788 0.16927083333333337
0 0.6477715696465696 0.8138020833333336 0.0850441787941788 0.16927083333333337
0 0.5815033783783783 0.8059895833333336 0.0850441787941788 0.16927083333333337
0 0.5174441268191267 0.8072916666666669 0.0850441787941788 0.16927083333333337
0 0.4456535862785862 0.8072916666666669 0.0850441787941788 0.16927083333333337
0 0.37496751559251557 0.8085937500000001 0.0850441787941788 0.16927083333333337
0 0.3153261434511434 0.8033854166666669 0.0850441787941788 0.16927083333333337
0 0.24684901247401242 0.8059895833333336 0.0850441787941788 0.16927083333333337
0 0.18168529106029102 0.8007812500000001 0.0850441787941788 0.16927083333333337
