1 0.04710092355001629 0.48046875 0.0613608361844249 0.15364583333333337
1 0.09593032135874882 0.4817708333333332 0.057039650537634434 0.15364583333333337
0 0.14259912634408603 0.4778645833333332 0.057039650537634434 0.15364583333333337
1 0.1858109828119909 0.48046874999999994 0.057039650537634434 0.15364583333333337
1 0.2324797877973282 0.4830729166666666 0.057039650537634434 0.15364583333333337
0 0.2782843556533073 0.48437499999999994 0.057039650537634434 0.15364583333333337
0 0.3214962121212121 0.48437499999999994 0.057039650537634434 0.15364583333333337
0 0.36989349136526556 0.4856770833333332 0.057039650537634434 0.15364583333333337
0 0.41224111070381236 0.48828124999999994 0.057039650537634434 0.15364583333333337
0 0.45804567855979145 0.4869791666666666 0.057039650537634434 0.15364583333333337
0 0.5038502464157706 0.4869791666666666 0.057039650537634434 0.15364583333333337
0 0.5496548142717497 0.4869791666666666 0.057039650537634434 0.15364583333333337
0 0.5963236192570871 0.4908854166666666 0.057039650537634434 0.15364583333333337
0 0.6395354757249919 0.48828124999999994 0.057039650537634434 0.15364583333333337
1 0.04666880498533727 0.8346354166666669 0.06568202183121542 0.15364583333333354
0 0.097658795617465 0.8411458333333333 0.057039650537634434 0.15364583333333337
0 0.14000641495601177 0.8398437499999999 0.057039650537634434 0.15364583333333337
0 0.186675219941349 0.8424479166666665 0.057039650537634434 0.15364583333333337
0 0.2324797877973282 0.8385416666666665 0.057039650537634434 0.15364583333333337
0 0.275691644265233 0.8359374999999999 0.057039650537634434 0.15364583333333337
0 0.3206319749918541 0.8333333333333333 0.057039650537634434 0.15364583333333337
1 0.36989349136526556 0.8398437499999999 0.057039650537634434 0.15364583333333337
0 0.4131053478331704 0.8411458333333333 0.057039650537634434 0.15364583333333337
0 0.4554529671717172 0.8476562499999999 0.057039650537634434 0.15364583333333337
0 0.5012575350276963 0.8476562499999999 0.057039650537634434 0.15364583333333337
0 0.5470621028836755 0.8476562499999999 0.057039650537634434 0.15364583333333337
0 0.5902739593515802 0.8437499999999999 0.057039650537634434 0.15364583333333337
0 0.6343500529488433 0.8463541666666665 0.057039650537634434 0.15364583333333337
0 0.7181810544965771 0.5169270833333333 0.09852303274682328 0.08072916666666657
0 0.7199095287552931 0.4505208333333332 0.09852303274682328 0.08072916666666657
1 0.7207737658846511 0.3880208333333332 0.09852303274682328 0.08072916666666657
1 0.9255979655425202 0.3736979166666666 0.09852303274682328 0.08072916666666657
0 0.9281906769305945 0.4401041666666666 0.09852303274682328 0.08072916666666657
0 0.9325118625773848 0.4973958333333332 0.09852303274682328 0.08072916666666657
0 0.9316476254480268 0.5703124999999999 0.09852303274682328 0.08072916666666657
0 0.9281906769305945 0.6302083333333331 0.09852303274682328 0.08072916666666657
0 0.9281906769305945 0.7005208333333331 0.09852303274682328 0.08072916666666657
0 0.7164525802378607 0.8372395833333331 0.09852303274682328 0.08072916666666657
1 0.7190452916259349 0.9088541666666664 0.09852303274682328 0.08072916666666657
0 0.9316476254480268 0.3072916666666665 0.09852303274682328 0.08072916666666657
0 0.9359688110948173 0.23958333333333315 0.09852303274682328 0.08072916666666657
0 0.9402899967416076 0.17317708333333315 0.09852303274682328 0.08072916666666657
1 0.931647625448027 0.07031249999999979 0.09852303274682334 0.08854166666666656
