0 0.07139923329682367 0.688755020080321 0.04589950711938664 0.34939759036144563
0 0.10369888645491056 0.6927710843373491 0.04589950711938664 0.34939759036144563
0 0.13684853048557868 0.7008032128514055 0.04589950711938664 0.34939759036144563
0 0.16744820189850312 0.6967871485943772 0.04589950711938664 0.34939759036144563
0 0.19804787331142756 0.6927710843373491 0.04589950711938664 0.34939759036144563
0 0.23119751734209568 0.6927710843373491 0.04589950711938664 0.34939759036144563
0 0.26349717050018256 0.688755020080321 0.04589950711938664 0.34939759036144563
0 0.29494683278568823 0.6847389558232928 0.04589950711938664 0.34939759036144563
0 0.3246965133260315 0.6887550200803209 0.04589950711938664 0.34939759036144563
0 0.3544461938663746 0.6967871485943768 0.04589950711938664 0.34939759036144563
0 0.3892958196422052 0.6887550200803207 0.04589950711938664 0.34939759036144563
1 0.4147955458196423 0.6767068273092363 0.04589950711938664 0.34939759036144563
1 0.45049516246805416 0.6887550200803207 0.04589950711938664 0.34939759036144563
0 0.4836448064987223 0.6726907630522082 0.04589950711938664 0.34939759036144563
0 0.5125444961664843 0.6807228915662644 0.04589950711938664 0.34939759036144563
0 0.5431441675794086 0.6726907630522082 0.04589950711938664 0.34939759036144563
1 0.5754438207374954 0.6807228915662644 0.04589950711938664 0.34939759036144563
1 0.6085934647681637 0.6767068273092363 0.04589950711938664 0.34939759036144563
1 0.6374931544359257 0.6767068273092363 0.04589950711938664 0.34939759036144563
1 0.6697928075940125 0.6726907630522082 0.04589950711938664 0.34939759036144563
1 0.7037924424972617 0.6686746987951802 0.04589950711938664 0.34939759036144563
0 0.7326921321650235 0.6767068273092363 0.04589950711938664 0.34939759036144563
1 0.7615918218327855 0.6767068273092363 0.04589950711938664 0.34939759036144563
1 0.7955914567360348 0.6767068273092363 0.04589950711938664 0.34939759036144563
1 0.8244911464037967 0.6646586345381519 0.04589950711938664 0.34939759036144563
1 0.8559408086893024 0.6566265060240957 0.04589950711938664 0.34939759036144563
1 0.8873904709748082 0.6767068273092363 0.04589950711938664 0.34939759036144563
0 0.8882404618473896 0.35542168674698726 0.04589950711938664 0.34939759036144563
1 0.8559408086893028 0.35542168674698726 0.04589950711938664 0.34939759036144563
1 0.8253411372763783 0.3514056224899591 0.04589950711938664 0.34939759036144563
1 0.7964414476086163 0.35542168674698726 0.04589950711938664 0.34939759036144563
1 0.7641417944505293 0.3674698795180716 0.04589950711938664 0.34939759036144563
1 0.7326921321650238 0.3674698795180716 0.04589950711938664 0.34939759036144563
1 0.7003924790069368 0.37148594377509964 0.04589950711938664 0.34939759036144563
0 0.6680928258488499 0.37951807228915596 0.04589950711938664 0.34939759036144563
1 0.635793172690763 0.37951807228915596 0.04589950711938664 0.34939759036144563
0 0.6085934647681635 0.3755020080321278 0.04589950711938664 0.34939759036144563
0 0.5754438207374953 0.3755020080321278 0.04589950711938664 0.34939759036144563
0 0.5456941401971522 0.37148594377509964 0.04589950711938664 0.34939759036144563
0 0.5108445144213216 0.3634538152610435 0.04589950711938664 0.34939759036144563
0 0.48109483388097835 0.3674698795180716 0.04589950711938664 0.34939759036144563
1 0.4479451898503102 0.3674698795180716 0.04589950711938664 0.34939759036144563
0 0.4173455184373857 0.3674698795180716 0.04589950711938664 0.34939759036144563
1 0.38929581964220494 0.3634538152610435 0.04589950711938664 0.34939759036144563
0 0.3552961847389556 0.37148594377509964 0.04589950711938664 0.34939759036144563
0 0.3246965133260311 0.37951807228915585 0.04589950711938664 0.34939759036144563
0 0.29069687842278175 0.37148594377509964 0.04589950711938664 0.34939759036144563
0 0.26519715224534474 0.37550200803212774 0.04589950711938664 0.34939759036144563
0 0.23204750821467662 0.37148594377509964 0.04589950711938664 0.34939759036144563
0 0.19804787331142726 0.37550200803212774 0.04589950711938664 0.34939759036144563
0 0.13854851223074086 0.3634538152610435 0.04589950711938664 0.34939759036144563
0 0.10454887732749149 0.37951807228915585 0.04589950711938664 0.34939759036144563
1 0.0722492241694046 0.3674698795180716 0.04589950711938664 0.34939759036144563
0 0.16659821102592162 0.3634538152610435 0.04589950711938664 0.34939759036144563
