1 0.10103181427343073 0.7253903974703907 0.0730868443680137 0.34770779382878236
1 0.16036113499570073 0.7229924126853646 0.0730868443680137 0.34770779382878236
1 0.2171109200343938 0.7277883822554169 0.0730868443680137 0.34770779382878236
1 0.27128116938950986 0.7253903974703908 0.0730868443680137 0.34770779382878236
1 0.3271711092003439 0.7181964431153126 0.0730868443680137 0.34770779382878236
1 0.382201203783319 0.7253903974703907 0.0730868443680137 0.34770779382878236
1 0.43981083404987104 0.7253903974703907 0.0730868443680137 0.34770779382878236
1 0.4931212381771281 0.7325843518254689 0.0730868443680137 0.34770779382878236
1 0.5498710232158212 0.7325843518254689 0.0730868443680137 0.34770779382878236
1 0.6049011177987962 0.7277883822554168 0.0730868443680137 0.34770779382878236
0 0.6607910576096302 0.734982336610495 0.0730868443680137 0.34770779382878236
1 0.7192605331040411 0.7325843518254689 0.0730868443680137 0.34770779382878236
1 0.7691315563198623 0.7301863670404428 0.0730868443680137 0.34770779382878236
0 0.8284608770421323 0.7253903974703907 0.0730868443680137 0.34770779382878236
1 0.8834909716251073 0.7277883822554168 0.0730868443680137 0.34770779382878236
0 0.10017196904557159 0.3920705123517647 0.07308684436801369 0.41005539823946063
1 0.16036113499570054 0.38487655799668646 0.07308684436801369 0.41005539823946063
1 0.21711092003439358 0.3944684971367909 0.07308684436801369 0.41005539823946063
1 0.27042132416165066 0.4016624514918691 0.07308684436801369 0.41005539823946063
1 0.3288907996560617 0.40046345909935605 0.07308684436801371 0.393269504744278
1 0.38306104901117793 0.4088564058469473 0.0730868443680137 0.39087151995925207
1 0.4406706792777298 0.4052594286694081 0.07308684436801369 0.39326950474427796
1 0.4948409286328458 0.4076574134544342 0.07308684436801369 0.38367756560417354
1 0.5507308684436798 0.4124533830244863 0.07308684436801369 0.38367756560417354
1 0.6049011177987959 0.405259428669408 0.07308684436801369 0.38367756560417354
1 0.6599312123817708 0.41245338302448625 0.07308684436801369 0.38367756560417354
1 0.7184006878761818 0.41005539823946013 0.07308684436801369 0.38367756560417354
0 0.774290627687016 0.4196473373795645 0.07308684436801369 0.38367756560417354
0 0.827601031814273 0.42204532216459056 0.07308684436801369 0.38367756560417354
0 0.885210662080825 0.41005539823946013 0.07308684436801369 0.38367756560417354
