1 0.22742906276870165 0.3626348393652778 0.11263972484952721 0.19316227624482138
1 0.34608770421324164 0.36445712499022886 0.11263972484952721 0.19316227624482138
1 0.3968185726569217 0.36081255374032667 0.11263972484952721 0.19316227624482138
1 0.5197764402407568 0.3681016962401312 0.11263972484952721 0.19316227624482138
0 0.5773860705073087 0.36992398186508235 0.11263972484952721 0.19316227624482138
0 0.6306964746345658 0.36992398186508235 0.11263972484952721 0.19316227624482138
1 0.6874462596732588 0.36627941061518 0.11263972484952721 0.19316227624482138
1 0.7459157351676697 0.36627941061518 0.11263972484952721 0.19316227624482138
1 0.8043852106620807 0.36992398186508235 0.11263972484952721 0.19316227624482138
1 0.8611349957007738 0.37356855311498466 0.11263972484952721 0.19316227624482138
0 0.180567497850387 0.13484913624638442 0.12553740326741206 0.19316227624482107
1 0.24419604471195192 0.13849370749628673 0.12553740326741206 0.19316227624482107
1 0.32416165090283755 0.142138278746189 0.12553740326741206 0.19316227624482107
1 0.38607050730868453 0.142138278746189 0.12553740326741206 0.19316227624482107
1 0.47463456577816004 0.142138278746189 0.12553740326741206 0.19316227624482107
1 0.533104041272571 0.1494274212459936 0.12553740326741206 0.19316227624482107
1 0.6190885640584696 0.14760513562104244 0.12553740326741206 0.19316227624482107
1 0.6827171109200344 0.14760513562104244 0.12553740326741206 0.19316227624482107
1 0.763542562338779 0.1494274212459936 0.12553740326741206 0.19316227624482107
1 0.61006018916595 0.676067966856874 0.12123817712811703 0.19316227624482102
1 0.8912295786758382 0.6778902524818251 0.12123817712811703 0.19316227624482102
1 0.8370593293207221 0.676067966856874 0.12123817712811703 0.19316227624482102
1 0.782029234737747 0.6797125381067762 0.12123817712811703 0.19316227624482102
0 0.721840068787618 0.6870016806065808 0.12123817712811703 0.19316227624482102
1 0.5515907136715389 0.6778902524818251 0.12123817712811703 0.19316227624482102
1 0.4922613929492689 0.6815348237317274 0.12123817712811703 0.19316227624482102
1 0.4372312983662939 0.6742456812319227 0.12123817712811703 0.19316227624482102
0 0.38822012037833176 0.6724233956069715 0.12123817712811703 0.19316227624482102
0 0.3254514187446258 0.6742456812319227 0.12123817712811703 0.19316227624482102
0 0.26956147893379173 0.6760679668568739 0.12123817712811703 0.19316227624482102
0 0.21281169389509869 0.6706011099820204 0.12123817712811703 0.19316227624482102
0 0.15778159931212365 0.6669565387321181 0.12123817712811703 0.19316227624482102
1 0.8052450558899396 0.8090948174783076 0.12123817712811703 0.19316227624482102
1 0.7459157351676695 0.8109171031032587 0.12123817712811703 0.19316227624482102
1 0.6908856405846946 0.8054502462284051 0.12123817712811703 0.19316227624482102
1 0.6358555460017196 0.8109171031032587 0.12123817712811703 0.19316227624482102
0 0.5748065348237316 0.8109171031032587 0.12123817712811703 0.19316227624482102
1 0.5214961306964745 0.8145616743531608 0.12123817712811703 0.19316227624482102
1 0.4673258813413584 0.7999833893535517 0.12123817712811703 0.19316227624482102
0 0.40971625107480636 0.8054502462284051 0.12123817712811703 0.19316227624482102
1 0.3495270851246774 0.8072725318533562 0.12123817712811703 0.19316227624482102
0 0.2936371453138434 0.7999833893535517 0.12123817712811703 0.19316227624482102
0 0.23774720550300926 0.7999833893535517 0.12123817712811703 0.19316227624482102
0 0.1775580395528803 0.7999833893535517 0.12123817712811703 0.19316227624482102
0 0.11994840928632829 0.7999833893535517 0.12123817712811703 0.19316227624482102
0 0.06749785038693018 0.7981611037286007 0.12123817712811703 0.19316227624482102
