0 0.11435941530524506 0.17670087297059112 0.06190885640584698 0.17991122968582166
0 0.16680997420464286 0.18819895907833156 0.061908856405846945 0.19479110582525044
1 0.22098022355975888 0.18278809502763013 0.061908856405846945 0.1785585136731462
0 0.27429062768701606 0.1827880950276301 0.061908856405846945 0.1785585136731462
0 0.32502149613069614 0.1827880950276301 0.061908856405846945 0.1785585136731462
1 0.37747205503009423 0.18684624306565614 0.061908856405846945 0.1785585136731462
0 0.42390369733447947 0.1868462430656561 0.061908856405846945 0.1785585136731462
1 0.5485812553740324 0.18414081104030544 0.061908856405846945 0.1785585136731462
1 0.5984522785898535 0.18278809502763005 0.061908856405846945 0.1785585136731462
1 0.6526225279449694 0.1868462430656561 0.061908856405846945 0.1785585136731462
1 0.7016337059329316 0.18819895907833142 0.061908856405846945 0.1785585136731462
0 0.7506448839208939 0.18955167509100676 0.061908856405846945 0.1785585136731462
1 0.806534823731728 0.19090439110368215 0.061908856405846945 0.1785585136731462
1 0.9054170249355112 0.19090439110368213 0.061908856405846945 0.1785585136731462
1 0.38177128116938924 0.6170099350964177 0.061908856405846945 0.1785585136731462
1 0.4325021496130694 0.618362651109093 0.061908856405846945 0.1785585136731462
0 0.48323301805674956 0.6224207991471191 0.061908856405846945 0.1785585136731462
0 0.5348237317282887 0.6278316631978204 0.061908856405846945 0.1785585136731462
1 0.5889939810834047 0.6264789471851452 0.061908856405846945 0.1785585136731462
1 0.6414445399828028 0.6332425272485218 0.061908856405846945 0.1785585136731462
0 0.6947549441100598 0.6345952432611974 0.061908856405846945 0.1785585136731462
0 0.7927773000859833 0.6230971571534571 0.06190885640584691 0.21237641399002963
0 0.8460877042132412 0.6373006752865485 0.061908856405846945 0.1785585136731462
1 0.8993981083404983 0.635947959273873 0.061908856405846945 0.1785585136731462
1 0.7394668959587269 0.635947959273873 0.061908856405846945 0.1785585136731462
1 0.6380051590713667 0.7928630167442137 0.061908856405846945 0.1785585136731462
0 0.6921754084264827 0.7955684487695645 0.061908856405846945 0.1785585136731462
1 0.7403267411865859 0.7928630167442132 0.061908856405846945 0.1785585136731462
1 0.794496990541702 0.792863016744213 0.061908856405846945 0.1785585136731462
1 0.845227858985382 0.795568448769564 0.061908856405846945 0.1785585136731462
1 0.899398108340498 0.795568448769564 0.061908856405846945 0.1785585136731462
0 0.5881341358555452 0.8030083868392782 0.06190885640584694 0.1934383898125749
0 0.5365434221840055 0.7874521526935112 0.06190885640584692 0.17585308164779537
1 0.48409286328460754 0.7833940046554853 0.06190885640584692 0.17585308164779537
0 0.4307824591573506 0.7894812267125242 0.061908856405846896 0.19614382183792606
0 0.3791917454858114 0.7894812267125245 0.061908856405846896 0.19614382183792606
1 0.13757523645743736 0.6670604275654057 0.07222699914015478 0.1785585136731462
1 0.07738607050730838 0.6711185756034319 0.0773860705073087 0.1785585136731463
