1 0.1122098022355976 0.3104641799396743 0.09028374892519347 0.3049529814792067
1 0.18443680137575236 0.31964951070712033 0.09028374892519347 0.3049529814792067
1 0.24806534823731727 0.3214865768606095 0.09028374892519347 0.3049529814792067
0 0.31685296646603617 0.31413831224665273 0.09028374892519347 0.3049529814792067
1 0.38306104901117805 0.3159753784001419 0.09028374892519347 0.3049529814792067
0 0.445829750644884 0.3159753784001419 0.09028374892519347 0.3049529814792067
1 0.5120378331900258 0.3159753784001419 0.09028374892519347 0.3049529814792067
0 0.5756663800515908 0.3159753784001419 0.09028374892519347 0.3049529814792067
1 0.6410146173688736 0.3159753784001419 0.09028374892519347 0.3049529814792067
0 0.7037833190025795 0.31781244455363106 0.09028374892519347 0.3049529814792067
1 0.7734307824591572 0.31230124609316356 0.09028374892519347 0.3049529814792067
1 0.842218400687876 0.3086271137861851 0.09028374892519347 0.3049529814792067
1 0.15219260533104026 0.6420546206444745 0.14445399828030958 0.3031159153257175
1 0.21238177128116922 0.6347063560305177 0.16680997420464327 0.2920935184047822
0 0.28804815133275996 0.638380488337496 0.16680997420464327 0.2920935184047822
0 0.3619948409286327 0.6347063560305177 0.16680997420464327 0.2920935184047822
1 0.44024075666380036 0.6328692898770286 0.16680997420464327 0.2920935184047822
0 0.5090283748925192 0.6236839591095827 0.16680997420464327 0.2920935184047822
0 0.582975064488392 0.6144986283421366 0.16680997420464327 0.2920935184047822
0 0.6612209802235597 0.6328692898770286 0.16680997420464327 0.2920935184047822
1 0.7334479793637143 0.6218468929560934 0.16680997420464327 0.2920935184047822
0 0.810834049871023 0.6236839591095827 0.16680997420464327 0.2920935184047822
