0 0.07265692175408424 0.4551704460013337 0.13327601031814268 0.4551704460013333
1 0.16208082545141878 0.46186412903076546 0.1332760103181428 0.45708292686688556
1 0.2540842648323302 0.47716397595518 0.1332760103181428 0.45708292686688556
1 0.33147033533963893 0.49437630374514646 0.1332760103181428 0.45708292686688556
1 0.42175408426483235 0.5020262272073538 0.1332760103181428 0.45708292686688556
1 0.4991401547721411 0.5345384019217347 0.1332760103181428 0.45708292686688556
0 0.5928632846087705 0.532625921056183 0.1332760103181428 0.45708292686688556
1 0.6865864144453998 0.5402758445183902 0.1332760103181428 0.45708292686688556
1 0.7708512467755804 0.565138095770564 0.1332760103181428 0.45708292686688556
1 0.8594153052450559 0.5785254618294268 0.1332760103181428 0.45708292686688556
1 0.8443680137575216 0.11857381366421299 0.21496130696474608 0.23714762732842595
