1 0.17282889079965608 0.24751643694034065 0.09286328460877043 0.21414836238567972
1 0.2583834909716251 0.24883834041185712 0.11263972484952696 0.21414836238567972
0 0.341358555460017 0.24421167826154908 0.09114359415305172 0.22340168668629548
1 0.41186586414445386 0.24949929214761524 0.09114359415305172 0.22340168668629548
1 0.4780739466895956 0.2468554852045822 0.09114359415305172 0.22340168668629548
1 0.5485812553740326 0.2455335817330657 0.09114359415305172 0.22340168668629548
0 0.6139294926913155 0.2508211956191319 0.09114359415305172 0.22340168668629548
0 0.6861564918314701 0.24949929214761532 0.09114359415305172 0.22340168668629548
1 0.756663800515907 0.25875261644823105 0.09114359415305172 0.22340168668629548
1 0.8263112639724848 0.25875261644823105 0.09114359415305172 0.22340168668629548
0 0.9019776440240753 0.2627183268627807 0.09114359415305172 0.22340168668629548
0 0.8925193465176265 0.7346378661941858 0.09114359415305172 0.22340168668629548
1 0.8177128116938946 0.7346378661941858 0.09114359415305172 0.22340168668629548
0 0.7472055030094579 0.7319940592511527 0.09114359415305172 0.22340168668629548
0 0.6749785038693029 0.7346378661941858 0.09114359415305172 0.22340168668629548
1 0.6096302665520199 0.7346378661941858 0.09114359415305172 0.22340168668629548
1 0.5365434221840062 0.7319940592511527 0.09114359415305172 0.22340168668629548
1 0.4651762682717104 0.7319940592511527 0.09114359415305172 0.22340168668629548
0 0.38865004299226064 0.7280283488366031 0.09114359415305172 0.22340168668629548
1 0.3258813413585547 0.7306721557796362 0.09114359415305172 0.22340168668629548
0 0.2536543422183999 0.722740734950537 0.09114359415305172 0.22340168668629548
1 0.1831470335339631 0.722740734950537 0.09114359415305172 0.22340168668629548
0 0.11092003439380832 0.7280283488366031 0.09114359415305172 0.22340168668629548
