1 0.3454934675141243 0.12760416666666669 0.24797515007062151 0.13020833333333337
1 0.3441003486935028 0.23697916666666669 0.24797515007062151 0.13020833333333337
0 0.3524590616172317 0.33723958333333337 0.24797515007062151 0.13020833333333337
1 0.3524590616172317 0.4427083333333334 0.24797515007062151 0.13020833333333337
1 0.34827970515536727 0.5481770833333335 0.24797515007062151 0.13020833333333337
1 0.35385218043785316 0.6484375 0.24797515007062151 0.13020833333333337
0 0.35385218043785316 0.7500000000000001 0.24797515007062151 0.13020833333333337
0 0.3566384180790961 0.8606770833333336 0.24797515007062151 0.13020833333333337
1 0.585109904661017 0.8528645833333336 0.24797515007062151 0.13020833333333337
1 0.5781443105579097 0.7447916666666659 0.2563338629943503 0.13020833333333323
0 0.5753580729166667 0.647135416666666 0.2563338629943503 0.13020833333333323
0 0.5739649540960453 0.5390624999999994 0.2563338629943503 0.13020833333333323
0 0.5809305481991526 0.43619791666666613 0.2563338629943503 0.13020833333333323
1 0.5683924788135594 0.33463541666666613 0.2563338629943503 0.13020833333333323
1 0.5809305481991526 0.22786458333333276 0.2563338629943503 0.13020833333333323
1 0.5725718352754238 0.12890624999999944 0.2563338629943503 0.13020833333333323
