1 0.146603611349957 0.7878113580180568 0.043852106620808226 0.1601696850816853
1 0.20765262252794497 0.7878113580180568 0.043852106620808226 0.1601696850816853
1 0.24204643164230435 0.7878113580180568 0.043852106620808226 0.1601696850816853
1 0.29621668099742043 0.7878113580180568 0.043852106620808226 0.1601696850816853
1 0.32803095442820296 0.782224043422184 0.043852106620808226 0.1601696850816853
1 0.380481513327601 0.7784991670249355 0.043852106620808226 0.1601696850816853
1 0.4303525365434222 0.7803616052235597 0.043852106620808226 0.1601696850816853
1 0.4664660361134995 0.7803616052235597 0.043852106620808226 0.1601696850816853
0 0.501719690455718 0.7766367288263113 0.043852106620808226 0.1601696850816853
1 0.5369733447979362 0.7803616052235598 0.043852106620808226 0.16389456147893366
0 0.5748065348237316 0.7784991670249356 0.043852106620808226 0.16389456147893366
1 0.6109200343938089 0.7784991670249356 0.043852106620808226 0.16389456147893366
1 0.6470335339638864 0.775705509726999 0.04385210662080821 0.1694818760748066
1 0.6814273430782457 0.773843071528375 0.04385210662080821 0.1694818760748066
1 0.718400687876182 0.7719806333297506 0.04385210662080821 0.1694818760748066
0 0.7562338779019774 0.7663933187338778 0.04385210662080821 0.1694818760748066
1 0.7906276870163369 0.7663933187338778 0.04385210662080821 0.1694818760748066
1 0.8267411865864144 0.7645308805352538 0.04385210662080821 0.1694818760748066
1 0.8645743766122096 0.7663933187338777 0.04385210662080821 0.1694818760748066
0 0.9024075666380051 0.7682557569325021 0.04385210662080821 0.1694818760748066
0 0.9376612209802235 0.7663933187338777 0.04385210662080821 0.1694818760748066
0 0.968615649183147 0.7645308805352536 0.04385210662080821 0.1694818760748066
0 0.14531384350816853 0.42556712838564054 0.04987102321582111 0.1694818760748067
0 0.18443680137575227 0.427429566584265 0.04385210662080821 0.17693162886930364
0 0.2196904557179707 0.4218422519883922 0.04385210662080821 0.17693162886930364
0 0.254944110060189 0.42091103288908016 0.043852106620808226 0.1825189434651765
0 0.29105760963026645 0.4246359092863286 0.043852106620808226 0.1825189434651765
0 0.32631126397248494 0.42649834748495286 0.043852106620808226 0.1825189434651765
0 0.36328460877042124 0.4246359092863286 0.043852106620808226 0.1825189434651765
0 0.40025795356835764 0.42091103288908016 0.043852106620808226 0.1825189434651765
0 0.4346517626827171 0.42091103288908016 0.043852106620808226 0.1825189434651765
0 0.4733447979363714 0.41718615649183166 0.043852106620808226 0.1825189434651765
0 0.5094582975064488 0.41159884189595886 0.043852106620808226 0.1825189434651765
0 0.5455717970765261 0.41904859469045586 0.043852106620808226 0.1825189434651765
0 0.5808254514187446 0.42277347108770436 0.043852106620808226 0.1825189434651765
0 0.6177987962166811 0.41904859469045586 0.043852106620808226 0.1825189434651765
0 0.6521926053310406 0.41904859469045586 0.043852106620808226 0.1825189434651765
0 0.6900257953568358 0.41904859469045586 0.043852106620808226 0.1825189434651765
1 0.7261392949269131 0.41159884189595886 0.043852106620808226 0.1825189434651765
0 0.7596732588134135 0.41159884189595886 0.043852106620808226 0.1825189434651765
0 0.799226139294927 0.4097364036973346 0.043852106620808226 0.1825189434651765
0 0.8361994840928633 0.4115988418959588 0.043852106620808226 0.1825189434651765
0 0.1466036113499569 0.2532915950128977 0.043852106620808226 0.1825189434651765
0 0.18099742046431633 0.2551540332115219 0.043852106620808226 0.1825189434651765
0 0.21797076526225265 0.2504979377149612 0.04385210662080821 0.19928088725279447
1 0.254944110060189 0.2607413478073947 0.043852106620808226 0.1825189434651765
1 0.29105760963026645 0.26819110060189166 0.043852106620808226 0.1825189434651765
1 0.32717110920034387 0.26819110060189166 0.043852106620808226 0.1825189434651765
1 0.36156491831470333 0.2700535388005159 0.043852106620808226 0.1825189434651765
1 0.39939810834049866 0.2700535388005159 0.043852106620808226 0.1825189434651765
1 0.43465176268271705 0.2700535388005159 0.043852106620808226 0.1825189434651765
1 0.4716251074806534 0.26446622420464316 0.043852106620808226 0.1825189434651765
1 0.5085984522785898 0.26260378600601897 0.043852106620808226 0.1825189434651765
1 0.5438521066208081 0.26260378600601897 0.043852106620808226 0.1825189434651765
0 0.5808254514187445 0.25701647141014616 0.043852106620808226 0.1825189434651765
1 0.6160791057609629 0.25887890960877047 0.043852106620808226 0.1825189434651765
0 0.6521926053310403 0.2532915950128977 0.043852106620808226 0.1825189434651765
1 0.6891659501289766 0.25887890960877047 0.043852106620808226 0.1825189434651765
0 0.724419604471195 0.2532915950128977 0.043852106620808226 0.1825189434651765
0 0.7579535683576953 0.2551540332115219 0.043852106620808226 0.1825189434651765
0 0.7957867583834909 0.2532915950128977 0.043852106620808226 0.1825189434651765
0 0.837059329320722 0.24956671861564922 0.043852106620808226 0.1825189434651765
