1 0.59706289556962 0.12760416666666663 0.3856803797468354 0.06510416666666662
1 0.5933544303797467 0.17838541666666663 0.3856803797468354 0.06510416666666662
1 0.6156052215189872 0.23046874999999997 0.3856803797468354 0.06510416666666662
0 0.604479825949367 0.27864583333333326 0.3856803797468354 0.06510416666666662
1 0.6156052215189872 0.32812499999999994 0.3856803797468354 0.06510416666666662
1 0.6081882911392404 0.3828125 0.3856803797468354 0.06510416666666662
0 0.6193136867088608 0.43098958333333337 0.3856803797468354 0.06510416666666662
1 0.6118967563291139 0.48828125 0.3856803797468354 0.06510416666666662
1 0.6118967563291139 0.5390625 0.3856803797468354 0.06510416666666662
1 0.6118967563291139 0.5846354166666666 0.3856803797468354 0.06510416666666662
1 0.6081882911392406 0.640625 0.3856803797468354 0.06510416666666662
1 0.6193136867088608 0.6901041666666667 0.3856803797468354 0.06510416666666662
1 0.6193136867088608 0.7447916666666667 0.3856803797468354 0.06510416666666662
0 0.6193136867088608 0.7916666666666667 0.3856803797468354 0.06510416666666662
1 0.604479825949367 0.8424479166666667 0.3856803797468354 0.06510416666666662
0 0.6118967563291139 0.8880208333333335 0.3856803797468354 0.06510416666666662
0 0.27813488924050633 0.8945312500000001 0.3856803797468354 0.06510416666666662
1 0.27071795886075944 0.8424479166666667 0.3856803797468354 0.06510416666666662
0 0.2818433544303797 0.7877604166666667 0.3856803797468354 0.06510416666666662
1 0.2818433544303797 0.7421875000000001 0.3856803797468354 0.06510416666666662
0 0.27071795886075944 0.6927083333333335 0.3856803797468354 0.06510416666666662
1 0.27813488924050633 0.6432291666666669 0.3856803797468354 0.06510416666666662
1 0.28926028481012656 0.5924479166666667 0.3856803797468354 0.06510416666666662
1 0.28555181962025317 0.5390625000000001 0.3856803797468354 0.06510416666666662
1 0.30038568037974683 0.4856770833333334 0.3856803797468354 0.06510416666666662
0 0.30038568037974683 0.43750000000000006 0.3856803797468354 0.06510416666666662
1 0.28555181962025317 0.3880208333333334 0.3856803797468354 0.06510416666666662
1 0.29667721518987344 0.3333333333333335 0.3856803797468354 0.06510416666666662
1 0.28555181962025317 0.2838541666666668 0.3856803797468354 0.06510416666666662
1 0.27813488924050633 0.23437500000000014 0.3856803797468354 0.06510416666666662
1 0.29296875 0.18489583333333345 0.3856803797468354 0.06510416666666662
1 0.28926028481012656 0.1315104166666668 0.3856803797468354 0.06510416666666662
