0 0.093837469506714 0.328159645232816 0.03991276983543492 0.16851441241685144
0 0.06326598622850854 0.3259423503325942 0.03991276983543492 0.16851441241685144
0 0.12186132917840235 0.3348115299334812 0.03991276983543492 0.16851441241685144
0 0.14988518885009072 0.33259423503325947 0.03991276983543492 0.16851441241685144
0 0.18130587999713524 0.33037694013303776 0.03991276983543492 0.16851441241685144
0 0.20932973966882357 0.33702882483370294 0.03991276983543492 0.16851441241685144
0 0.239901222947029 0.3337028824833705 0.03991276983543492 0.17960088691796003
0 0.2696234983563955 0.33481152993348123 0.03991276983543492 0.16851441241685144
1 0.29594894229040575 0.3281596452328161 0.03991276983543492 0.16851441241685144
0 0.3273696334374503 0.3281596452328161 0.03991276983543492 0.16851441241685144
0 0.35709190884681674 0.33813747228381386 0.039912769835434916 0.18403547671840356
0 0.38596497638734417 0.34368070953436813 0.039912769835434916 0.18181818181818202
0 0.41653645966554953 0.3281596452328161 0.03991276983543492 0.16851441241685144
0 0.446258735074916 0.33481152993348123 0.03991276983543492 0.16851441241685144
0 0.4734333868777652 0.3392461197339247 0.03991276983543492 0.16851441241685144
0 0.5057032858936488 0.34589800443458985 0.03991276983543492 0.16851441241685144
0 0.5345763534341762 0.3392461197339247 0.03991276983543492 0.16851441241685144
0 0.5651478367123817 0.33702882483370294 0.03991276983543492 0.16851441241685144
0 0.59317169638407 0.3237250554323726 0.03991276983543492 0.16851441241685144
0 0.6245923875311146 0.3237250554323726 0.03991276983543492 0.16851441241685144
0 0.6534654550716419 0.3281596452328161 0.03991276983543492 0.16851441241685144
0 0.6814893147433303 0.33259423503325947 0.03991276983543492 0.16851441241685144
0 0.7129100058903748 0.33702882483370294 0.03991276983543492 0.16851441241685144
0 0.7426322812997412 0.33037694013303776 0.03991276983543492 0.16851441241685144
0 0.7715053488402686 0.3281596452328161 0.03991276983543492 0.16851441241685144
0 0.799529208511957 0.3281596452328161 0.03991276983543492 0.16851441241685144
0 0.8326483153966795 0.3281596452328161 0.03991276983543492 0.16851441241685144
0 0.8606721750683678 0.33481152993348123 0.03991276983543492 0.16851441241685144
0 0.9031325685103198 0.33037694013303776 0.03991276983543492 0.16851441241685144
0 0.9506882091653062 0.3259423503325944 0.03991276983543492 0.16851441241685144
0 0.9455929619522719 0.17516629711751672 0.03991276983543492 0.16851441241685144
0 0.8997357370349637 0.17516629711751672 0.03991276983543492 0.16851441241685144
0 0.862370590806046 0.17738359201773846 0.03991276983543492 0.16851441241685144
0 0.8301006917901624 0.17738359201773846 0.03991276983543492 0.16851441241685144
0 0.799529208511957 0.17960088691796017 0.03991276983543492 0.16851441241685144
0 0.7732037645779467 0.18181818181818188 0.03991276983543492 0.16851441241685144
0 0.7426322812997412 0.18625277161862536 0.03991276983543492 0.16851441241685144
0 0.7120607980215358 0.18181818181818193 0.03991276983543492 0.16851441241685144
0 0.6823385226121692 0.17960088691796017 0.03991276983543492 0.16851441241685144
0 0.6526162472028028 0.17738359201773846 0.03991276983543492 0.16851441241685144
0 0.6237431796622754 0.1751662971175167 0.03991276983543492 0.16851441241685144
0 0.5957193199905871 0.17294900221729498 0.03991276983543492 0.16851441241685144
0 0.5634494209747036 0.17960088691796017 0.03991276983543492 0.16851441241685144
0 0.5362747691718542 0.18181818181818188 0.03991276983543492 0.16851441241685144
0 0.5040048701559707 0.1751662971175167 0.03991276983543492 0.16851441241685144
0 0.4742825947466043 0.18625277161862536 0.03991276983543492 0.16851441241685144
0 0.4411634878618817 0.17294900221729498 0.03991276983543492 0.16851441241685144
0 0.41398883605903236 0.17738359201773846 0.03991276983543492 0.16851441241685144
0 0.385964976387344 0.17960088691796017 0.03991276983543492 0.16851441241685144
0 0.35879032458449467 0.17073170731707324 0.03991276983543492 0.16851441241685144
0 0.32567121769977203 0.1685144124168515 0.03991276983543492 0.16851441241685144
0 0.29934577376576177 0.18181818181818188 0.03991276983543492 0.16851441241685144
0 0.27132191409407347 0.17960088691796017 0.03991276983543492 0.16851441241685144
0 0.23905201507818993 0.17738359201773846 0.03991276983543492 0.16851441241685144
0 0.2084805317999845 0.17073170731707324 0.03991276983543492 0.16851441241685144
0 0.177909048521779 0.1751662971175167 0.03991276983543492 0.16851441241685144
0 0.14988518885009067 0.17738359201773846 0.03991276983543492 0.16851441241685144
0 0.12016291344072422 0.17738359201773846 0.03991276983543492 0.16851441241685144
0 0.09383746950671394 0.17073170731707324 0.03991276983543492 0.16851441241685144
0 0.061567570490830406 0.17294900221729498 0.03991276983543492 0.16851441241685144
0 0.061567570490830406 0.6873614190687363 0.03991276983543492 0.16851441241685144
0 0.09213905376903588 0.6873614190687363 0.03991276983543492 0.16851441241685144
0 0.12016291344072422 0.689578713968958 0.03991276983543492 0.16851441241685144
0 0.15073439671892971 0.6917960088691797 0.03991276983543492 0.16851441241685144
0 0.17960746425945712 0.6940133037694014 0.03991276983543492 0.16851441241685144
0 0.21102815540650158 0.6940133037694014 0.03991276983543492 0.16851441241685144
0 0.23990122294702892 0.6940133037694014 0.03991276983543492 0.16851441241685144
0 0.2704727062252344 0.6940133037694014 0.03991276983543492 0.16851441241685144
0 0.2976473580280837 0.6851441241685144 0.03991276983543492 0.17738359201773815
0 0.3265204255686111 0.680709534368071 0.03991276983543492 0.16851441241685144
0 0.3579411167156556 0.6940133037694014 0.03991276983543492 0.16851441241685144
0 0.38511576851850493 0.6829268292682927 0.03991276983543492 0.16851441241685144
0 0.4173856675343884 0.6829268292682927 0.03991276983543492 0.16851441241685144
0 0.4454095272060767 0.6784922394678493 0.03991276983543492 0.16851441241685144
0 0.4725841790089261 0.6762749445676276 0.03991276983543492 0.16851441241685144
0 0.5031556622871316 0.6718403547671842 0.03991276983543492 0.16851441241685144
0 0.5337271455653371 0.6762749445676276 0.03991276983543492 0.16851441241685144
0 0.5609017973681864 0.6784922394678493 0.03991276983543492 0.16851441241685144
0 0.595719319990587 0.680709534368071 0.03991276983543492 0.16851441241685144
0 0.6237431796622754 0.6762749445676276 0.03991276983543492 0.16851441241685144
1 0.6509178314651248 0.6917960088691797 0.03991276983543492 0.16851441241685144
0 0.6840369383498474 0.689578713968958 0.03991276983543492 0.16851441241685144
0 0.7095131744150186 0.689578713968958 0.03991276983543492 0.16851441241685144
0 0.739235449824385 0.6851441241685146 0.03991276983543492 0.16851441241685144
0 0.7706561409714295 0.680709534368071 0.03991276983543492 0.16851441241685144
1 0.8020768321184739 0.680709534368071 0.03991276983543492 0.16851441241685144
1 0.845386433429265 0.680709534368071 0.03991276983543492 0.16851441241685144
0 0.08661920262158215 0.8713968957871385 0.06793662950712336 0.16851441241685133
0 0.12398434885049994 0.8691796008869168 0.06793662950712336 0.16851441241685133
0 0.15880187147290062 0.8691796008869168 0.06793662950712336 0.16851441241685133
0 0.18852414688226704 0.8691796008869168 0.06793662950712336 0.16851441241685133
0 0.2250400852423458 0.8669623059866951 0.06793662950712336 0.16851441241685133
0 0.2615560236024245 0.8669623059866951 0.06793662950712336 0.16851441241685133
0 0.2938259226183081 0.8713968957871385 0.06793662950712336 0.16851441241685133
0 0.333738692453743 0.8713968957871385 0.06793662950712336 0.16851441241685133
0 0.3660085914696265 0.8647450110864735 0.06793662950712336 0.16851441241685133
0 0.4008261140920272 0.8603104212860299 0.06793662950712336 0.16851441241685133
0 0.43054838950139357 0.8580931263858083 0.06793662950712336 0.16851441241685133
0 0.4662151199926333 0.8647450110864735 0.06793662950712336 0.16851441241685133
0 0.49933422687735596 0.8736141906873605 0.06793662950712336 0.16851441241685133
0 0.5316041258932395 0.8603104212860301 0.06793662950712336 0.16851441241685133
0 0.5664216485156401 0.8647450110864736 0.06793662950712336 0.16851441241685133
0 0.6003899632692018 0.8603104212860301 0.06793662950712336 0.16851441241685133
0 0.6386043173669588 0.869179600886917 0.06793662950712336 0.16851441241685133
0 0.6674773849074862 0.8758314855875823 0.06793662950712336 0.16851441241685133
0 0.6997472839233697 0.8603104212860301 0.06793662950712336 0.16851441241685133
0 0.7328663908080922 0.8780487804878037 0.06793662950712338 0.18181818181818216
0 0.7685331212993318 0.8470066518846997 0.06793662950712336 0.16851441241685133
0 0.8041998517905715 0.8603104212860301 0.06793662950712336 0.16851441241685133
0 0.8466602452325236 0.869179600886917 0.06793662950712336 0.16851441241685133
