1 0.05390492359932088 0.6634738242346806 0.05857385398981324 0.39985355807210093
1 0.09719864176570459 0.6670123512972655 0.05857385398981324 0.39985355807210093
1 0.14219015280135822 0.6670123512972655 0.05857385398981324 0.39985355807210093
1 0.1863327674023769 0.6740894054224355 0.05857385398981324 0.39985355807210093
1 0.2287775891341256 0.6740894054224355 0.05857385398981324 0.39985355807210093
1 0.2729202037351443 0.6705508783598505 0.05857385398981324 0.39985355807210093
1 0.317062818336163 0.6705508783598505 0.05857385398981324 0.39985355807210093
1 0.36120543293718166 0.6634738242346806 0.05857385398981324 0.39985355807210093
1 0.40449915110356527 0.6528582430469256 0.05857385398981324 0.39985355807210093
0 0.447792869269949 0.6705508783598505 0.05857385398981324 0.39985355807210093
1 0.4910865874363327 0.6670123512972655 0.05857385398981324 0.39985355807210093
0 0.5326825127334466 0.6670123512972655 0.05857385398981324 0.39985355807210093
1 0.5802207130730052 0.6670123512972655 0.05857385398981324 0.39985355807210093
0 0.6226655348047538 0.6705508783598505 0.05857385398981324 0.39985355807210093
1 0.6668081494057725 0.6634738242346806 0.05857385398981324 0.39985355807210093
0 0.7109507640067914 0.6563967701095106 0.05857385398981324 0.39985355807210093
0 0.75509337860781 0.6528582430469256 0.05857385398981324 0.39985355807210093
0 0.7992359932088288 0.6528582430469256 0.05857385398981324 0.39985355807210093
1 0.8408319185059425 0.6599352971720955 0.05857385398981324 0.39985355807210093
0 0.8824278438030562 0.6634738242346806 0.05857385398981324 0.39985355807210093
0 0.9274193548387097 0.6563967701095106 0.05857385398981324 0.39985355807210093
0 0.9299660441426143 0.2830821650067971 0.058573853989813233 0.41046913925985584
1 0.8841256366723256 0.290159219131967 0.058573853989813233 0.41046913925985584
0 0.8433786078098469 0.297236273257137 0.058573853989813233 0.41046913925985584
0 0.7983870967741932 0.293697746194552 0.058573853989813233 0.41046913925985584
1 0.7559422750424446 0.3007748003197219 0.058573853989813233 0.41046913925985584
0 0.707555178268251 0.293697746194552 0.058573853989813233 0.41046913925985584
1 0.6676570458404072 0.297236273257137 0.058573853989813233 0.41046913925985584
1 0.6243633276740234 0.297236273257137 0.058573853989813233 0.41046913925985584
1 0.5785229202037349 0.293697746194552 0.058573853989813233 0.41046913925985584
0 0.5318336162988113 0.297236273257137 0.058573853989813233 0.41046913925985584
1 0.4859932088285226 0.2830821650067971 0.058573853989813233 0.41046913925985584
0 0.44779286926994877 0.28662069206938207 0.058573853989813233 0.41046913925985584
1 0.40195246179966015 0.297236273257137 0.058573853989813233 0.41046913925985584
0 0.35696095076400647 0.293697746194552 0.058573853989813233 0.41046913925985584
0 0.3145161290322577 0.3043133273823069 0.058573853989813233 0.41046913925985584
1 0.26952461799660404 0.3113903815074768 0.058573853989813233 0.41046913925985584
1 0.22707979626485536 0.3078518544448919 0.058573853989813233 0.41046913925985584
1 0.18378607809847164 0.3007748003197219 0.058573853989813233 0.41046913925985584
1 0.14219015280135788 0.293697746194552 0.058573853989813233 0.41046913925985584
1 0.09550084889643429 0.290159219131967 0.058573853989813233 0.41046913925985584
1 0.05220713073005059 0.297236273257137 0.058573853989813233 0.41046913925985584
