0 0.5947693076599326 0.83984375 0.5428766835016835 0.09635416666666671
1 0.5907775673400674 0.9127604166666669 0.5428766835016835 0.09635416666666671
0 0.610736268939394 0.7682291666666664 0.5109427609427611 0.0963541666666667
1 0.598761047979798 0.6953125 0.5428766835016835 0.09635416666666671
1 0.6247073600589225 0.5585937500000009 0.5069510206228954 0.09635416666666677
0 0.6207156197390572 0.47656250000000083 0.5069510206228954 0.09635416666666677
0 0.6286991003787878 0.4088541666666676 0.5069510206228954 0.09635416666666677
0 0.6047486584595958 0.33593750000000094 0.5069510206228954 0.09635416666666677
0 0.5967651778198652 0.2565104166666676 0.5069510206228954 0.09635416666666677
0 0.6047486584595958 0.1809895833333342 0.5069510206228954 0.09635416666666677
