1 0.4238371567919076 0.2942708333333333 0.09809880780346823 0.10677083333333336
1 0.4238371567919076 0.36067708333333326 0.09809880780346823 0.10677083333333336
1 0.42216025409441243 0.43619791666666674 0.09809880780346823 0.10677083333333336
1 0.4229987054431601 0.5052083333333336 0.09809880780346822 0.0989583333333332
1 0.4246756081406553 0.5755208333333336 0.09809880780346822 0.0989583333333332
1 0.42383715679190764 0.6445312500000004 0.09809880780346822 0.0989583333333332
1 0.6292577372350676 0.557291666666667 0.09809880780346822 0.0989583333333332
1 0.6317730912813104 0.486979166666667 0.09809880780346822 0.0989583333333332
1 0.632611542630058 0.41796875000000033 0.09809880780346822 0.0989583333333332
1 0.6309346399325629 0.350260416666667 0.09809880780346822 0.0989583333333332
1 0.6334499939788056 0.2851562500000004 0.09809880780346822 0.0989583333333332
1 0.6334499939788056 0.2122395833333337 0.09809880780346822 0.0989583333333332
1 0.7206489342485551 0.2200520833333337 0.09809880780346822 0.0989583333333332
1 0.7198104828998076 0.287760416666667 0.09809880780346822 0.0989583333333332
1 0.7214873855973029 0.358072916666667 0.09809880780346822 0.0989583333333332
1 0.7240027396435457 0.4231770833333337 0.09809880780346822 0.0989583333333332
1 0.7198104828998076 0.4973958333333337 0.09809880780346822 0.0989583333333332
1 0.7189720315510602 0.5638020833333336 0.09809880780346822 0.0989583333333332
1 0.9277464173892104 0.5078125000000003 0.09809880780346822 0.0989583333333332
1 0.9252310633429676 0.43750000000000033 0.09809880780346822 0.0989583333333332
0 0.912654293111754 0.2981770833333336 0.12325234826589644 0.0989583333333331
1 0.922715709296725 0.37109375000000033 0.09809880780346822 0.0989583333333332
1 0.9269079660404629 0.15755208333333368 0.09809880780346822 0.0989583333333332
1 0.9269079660404629 0.23307291666666705 0.09809880780346822 0.0989583333333332
0 0.9277464173892104 0.572916666666667 0.09809880780346822 0.0989583333333332
1 0.928584868737958 0.6406250000000004 0.09809880780346822 0.0989583333333332
1 0.9252310633429676 0.713541666666667 0.09809880780346822 0.0989583333333332
1 0.31232312740847823 0.15234375000000036 0.09809880780346822 0.0989583333333332
1 0.3173538355009638 0.08723958333333369 0.09809880780346822 0.0989583333333332
1 0.7634099530346812 0.886067708333333 0.06288385115606769 0.15234374999999908
1 0.8070094231695559 0.8873697916666664 0.06288385115606769 0.15234374999999908
1 0.8506088933044306 0.8873697916666664 0.06288385115606769 0.15234374999999908
