0 0.08743935309973046 0.6785714285714286 0.12257123604158644 0.6785714285714286 0.12257123604158644 0.787142857142857 0.08743935309973046 0.787142857142857
0 0.11476415094339618 0.6771428571428575 0.14365036580670004 0.6771428571428575 0.14365036580670004 0.7857142857142859 0.11476415094339618 0.7857142857142859
1 0.13662398921832877 0.6785714285714289 0.16551020408163264 0.6785714285714289 0.16551020408163264 0.7871428571428574 0.13662398921832877 0.7871428571428574
1 0.15692241047362332 0.6785714285714289 0.18580862533692719 0.6785714285714289 0.18580862533692719 0.7871428571428574 0.15692241047362332 0.7871428571428574
0 0.1787822487485559 0.6785714285714289 0.20766846361185975 0.6785714285714289 0.20766846361185975 0.7871428571428574 0.1787822487485559 0.7871428571428574
0 0.19986137851366947 0.6785714285714289 0.22874759337697334 0.6785714285714289 0.22874759337697334 0.7871428571428574 0.19986137851366947 0.7871428571428574
0 0.2209405082787831 0.682857142857143 0.24982672314208695 0.682857142857143 0.24982672314208695 0.7914285714285716 0.2209405082787831 0.7914285714285716
0 0.24280034655371568 0.6842857142857144 0.2716865614170196 0.6842857142857144 0.2716865614170196 0.7928571428571428 0.24280034655371568 0.7928571428571428
0 0.2646601848286483 0.6842857142857144 0.2935463996919522 0.6842857142857144 0.2935463996919522 0.7928571428571428 0.2646601848286483 0.7928571428571428
0 0.29823065075086624 0.682857142857143 0.32711686561417014 0.682857142857143 0.32711686561417014 0.7914285714285716 0.29823065075086624 0.7914285714285716
0 0.33492395071236025 0.6800000000000002 0.3638101655756641 0.6800000000000002 0.3638101655756641 0.7885714285714286 0.33492395071236025 0.7885714285714286
0 0.32789757412398907 0.8585714285714288 0.3567837889872929 0.8585714285714288 0.3567837889872929 0.9671428571428572 0.32789757412398907 0.9671428571428572
0 0.004684251058913998 0.8657142857142859 0.03357046592221786 0.8657142857142859 0.03357046592221786 0.9742857142857143 0.004684251058913998 0.9742857142857143
0 0.0226405467847515 0.8628571428571431 0.051526761648055364 0.8628571428571431 0.051526761648055364 0.9714285714285715 0.0226405467847515 0.9714285714285715
0 0.04371967654986509 0.8614285714285715 0.07260589141316896 0.8614285714285715 0.07260589141316896 0.97 0.04371967654986509 0.97
0 0.06714093184443574 0.8628571428571431 0.09602714670773961 0.8628571428571431 0.09602714670773961 0.9714285714285715 0.06714093184443574 0.9714285714285715
0 0.08900077011936836 0.8657142857142859 0.11788698498267222 0.8657142857142859 0.11788698498267222 0.9742857142857143 0.08900077011936836 0.9742857142857143
0 0.11086060839430098 0.8628571428571431 0.13974682325760485 0.8628571428571431 0.13974682325760485 0.9714285714285715 0.11086060839430098 0.9714285714285715
0 0.13193973815941457 0.8600000000000001 0.16082595302271843 0.8600000000000001 0.16082595302271843 0.9685714285714285 0.13193973815941457 0.9685714285714285
0 0.15301886792452815 0.8571428571428574 0.18190508278783202 0.8571428571428574 0.18190508278783202 0.9657142857142859 0.15301886792452815 0.9657142857142859
0 0.1764401232190988 0.8571428571428574 0.20532633808240267 0.8571428571428574 0.20532633808240267 0.9657142857142859 0.1764401232190988 0.9657142857142859
0 0.1764401232190988 0.8571428571428574 0.20532633808240267 0.8571428571428574 0.20532633808240267 0.9657142857142859 0.1764401232190988 0.9657142857142859
0 0.19829996149403137 0.8585714285714288 0.22718617635733523 0.8585714285714288 0.22718617635733523 0.9671428571428572 0.19829996149403137 0.9671428571428572
0 0.21937909125914498 0.8557142857142859 0.24826530612244885 0.8557142857142859 0.24826530612244885 0.9642857142857143 0.21937909125914498 0.9642857142857143
0 0.2412389295340776 0.8628571428571431 0.27012514439738144 0.8628571428571431 0.27012514439738144 0.9714285714285715 0.2412389295340776 0.9714285714285715
0 0.2599759337697341 0.8642857142857144 0.288862148633038 0.8642857142857144 0.288862148633038 0.9728571428571429 0.2599759337697341 0.9728571428571429
0 0.2833971890643048 0.8614285714285715 0.3122834039276086 0.8614285714285715 0.3122834039276086 0.97 0.2833971890643048 0.97
0 0.3060377358490564 0.8628571428571431 0.3349239507123603 0.8628571428571431 0.3349239507123603 0.9714285714285715 0.3060377358490564 0.9714285714285715
0 0.34975741239892155 0.8628571428571431 0.3786436272622254 0.8628571428571431 0.3786436272622254 0.9714285714285715 0.34975741239892155 0.9714285714285715
0 0.39269638043896776 0.8642857142857144 0.4215825953022716 0.8642857142857144 0.4215825953022716 0.9728571428571429 0.39269638043896776 0.9728571428571429
0 0.3677137081247592 0.8628571428571431 0.39659992298806296 0.8628571428571431 0.39659992298806296 0.9714285714285715 0.3677137081247592 0.9714285714285715
0 0.4145562187139006 0.8657142857142859 0.44344243357720436 0.8657142857142859 0.44344243357720436 0.9742857142857143 0.4145562187139006 0.9742857142857143
0 0.4364160569888331 0.8628571428571431 0.46530227185213696 0.8628571428571431 0.46530227185213696 0.9714285714285715 0.4364160569888331 0.9714285714285715
0 0.4598373122834038 0.8600000000000001 0.48872352714670764 0.8600000000000001 0.48872352714670764 0.9685714285714285 0.4598373122834038 0.9685714285714285
0 0.4801357335386984 0.8614285714285715 0.5090219484020022 0.8614285714285715 0.5090219484020022 0.97 0.4801357335386984 0.97
0 0.501995571813631 0.8614285714285715 0.5308817866769348 0.8614285714285715 0.5308817866769348 0.97 0.501995571813631 0.97
0 0.5246361185983827 0.8585714285714288 0.5535223334616864 0.8585714285714288 0.5535223334616864 0.9671428571428572 0.5246361185983827 0.9671428571428572
0 0.5433731228340392 0.8557142857142859 0.572259337697343 0.8557142857142859 0.572259337697343 0.9642857142857143 0.5433731228340392 0.9642857142857143
0 0.5652329611089718 0.8600000000000001 0.5941191759722757 0.8600000000000001 0.5941191759722757 0.964285714285714 0.5652329611089718 0.964285714285714
0 0.5870927993839045 0.8614285714285715 0.6159790142472084 0.8614285714285715 0.6159790142472084 0.97 0.5870927993839045 0.97
0 0.6105140546784751 0.8585714285714288 0.6394002695417789 0.8585714285714288 0.6394002695417789 0.9671428571428572 0.6105140546784751 0.9671428571428572
1 0.6315931844435887 0.8614285714285715 0.6604793993068925 0.8614285714285715 0.6604793993068925 0.97 0.6315931844435887 0.97
1 0.6511108971890642 0.8642857142857144 0.679997112052368 0.8642857142857144 0.679997112052368 0.9728571428571429 0.6511108971890642 0.9728571428571429
0 0.674532152483635 0.8628571428571431 0.7034183673469387 0.8628571428571431 0.7034183673469387 0.9714285714285715 0.674532152483635 0.9714285714285715
0 0.6956112822487486 0.8628571428571431 0.7244974971120525 0.8628571428571431 0.7244974971120525 0.9714285714285715 0.6956112822487486 0.9714285714285715
0 0.7159097035040431 0.8642857142857144 0.744795918367347 0.8642857142857144 0.744795918367347 0.9728571428571429 0.7159097035040431 0.9728571428571429
1 0.7604100885637275 0.8614285714285715 0.7892963034270313 0.8614285714285715 0.7892963034270313 0.97 0.7604100885637275 0.97
0 0.7393309587986139 0.8628571428571431 0.7682171736619178 0.8628571428571431 0.7682171736619178 0.9714285714285715 0.7393309587986139 0.9714285714285715
1 0.7822699268386601 0.8614285714285715 0.8111561417019639 0.8614285714285715 0.8111561417019639 0.97 0.7822699268386601 0.97
1 0.8056911821332305 0.8571428571428574 0.8345773969965343 0.8571428571428574 0.8345773969965343 0.9657142857142859 0.8056911821332305 0.9657142857142859
1 0.8275510204081633 0.8585714285714288 0.8564372352714672 0.8585714285714288 0.8564372352714672 0.9671428571428572 0.8275510204081633 0.9671428571428572
1 0.850191567192915 0.8571428571428574 0.8790777820562188 0.8571428571428574 0.8790777820562188 0.9657142857142859 0.850191567192915 0.9657142857142859
1 0.8962533692722373 0.011428571428571592 0.9251395841355412 0.011428571428571592 0.9251395841355412 0.12000000000000006 0.8962533692722373 0.12000000000000006
0 0.8720514054678477 0.011428571428571592 0.9009376203311514 0.011428571428571592 0.9009376203311514 0.12000000000000006 0.8720514054678477 0.12000000000000006
1 0.8517529842125531 0.0071428571428573066 0.8806391990758569 0.0071428571428573066 0.8806391990758569 0.11571428571428577 0.8517529842125531 0.11571428571428577
0 0.784612052368117 0.011428571428571592 0.8134982672314208 0.011428571428571592 0.8134982672314208 0.12000000000000006 0.784612052368117 0.12000000000000006
1 0.8314545629572585 0.01285714285714302 0.8603407778205623 0.01285714285714302 0.8603407778205623 0.1214285714285715 0.8314545629572585 0.1214285714285715
1 0.8088140161725067 0.014285714285714447 0.8377002310358106 0.014285714285714447 0.8377002310358106 0.12285714285714291 0.8088140161725067 0.12285714285714291
0 0.6362774355025029 0.008571428571428733 0.6651636503658068 0.008571428571428733 0.6651636503658068 0.1171428571428572 0.6362774355025029 0.1171428571428572
1 0.5972420100115519 0.008571428571428733 0.6261282248748556 0.008571428571428733 0.6261282248748556 0.1171428571428572 0.5972420100115519 0.1171428571428572
1 0.6151983057373893 0.008571428571428733 0.6440845206006932 0.008571428571428733 0.6440845206006932 0.1171428571428572 0.6151983057373893 0.1171428571428572
0 0.5746014632268002 0.008571428571428733 0.603487678090104 0.008571428571428733 0.603487678090104 0.1171428571428572 0.5746014632268002 0.1171428571428572
1 0.5527416249518676 0.0071428571428573066 0.5816278398151715 0.0071428571428573066 0.5816278398151715 0.11571428571428577 0.5527416249518676 0.11571428571428577
1 0.531662495186754 0.002857142857143019 0.5605487100500579 0.002857142857143019 0.5605487100500579 0.11142857142857147 0.531662495186754 0.11142857142857147
0 0.5144869079707355 0.002857142857143019 0.5433731228340394 0.002857142857143019 0.5433731228340394 0.11142857142857147 0.5144869079707355 0.11142857142857147
0 0.48950423565652673 0.002857142857143019 0.5183904505198306 0.002857142857143019 0.5183904505198306 0.11142857142857147 0.48950423565652673 0.11142857142857147
1 0.46686368887177515 0.0071428571428573066 0.49574990373507893 0.0071428571428573066 0.49574990373507893 0.11571428571428577 0.46686368887177515 0.11571428571428577
0 0.45046881016557555 0.010000000000000165 0.4793550250288794 0.010000000000000165 0.4793550250288794 0.11857142857142862 0.45046881016557555 0.11857142857142862
1 0.42626684636118595 0.004285714285714448 0.4551530612244898 0.004285714285714448 0.4551530612244898 0.11285714285714292 0.42626684636118595 0.11285714285714292
0 0.4785743165190601 0.22571428571428587 0.5355660377358482 0.22571428571428587 0.5355660377358482 0.2814285714285716 0.4785743165190601 0.2814285714285716
0 0.47701289949942205 0.262857142857143 0.5340046207162101 0.262857142857143 0.5340046207162101 0.3185714285714287 0.47701289949942205 0.3185714285714287
0 0.47701289949942205 0.30571428571428594 0.5340046207162101 0.30571428571428594 0.5340046207162101 0.36142857142857165 0.47701289949942205 0.36142857142857165
0 0.47701289949942205 0.3414285714285717 0.5340046207162101 0.3414285714285717 0.5340046207162101 0.39714285714285746 0.47701289949942205 0.39714285714285746
0 0.47701289949942205 0.37857142857142884 0.5340046207162101 0.37857142857142884 0.5340046207162101 0.43428571428571455 0.47701289949942205 0.43428571428571455
0 0.5269782441278394 0.3842857142857145 0.5839699653446276 0.3842857142857145 0.5839699653446276 0.4400000000000002 0.5269782441278394 0.4400000000000002
0 0.5230747015787444 0.3442857142857145 0.5800664227955326 0.3442857142857145 0.5800664227955326 0.40000000000000024 0.5230747015787444 0.40000000000000024
0 0.5254168271082015 0.3028571428571431 0.5824085483249896 0.3028571428571431 0.5824085483249896 0.3585714285714289 0.5254168271082015 0.3585714285714289
0 0.5254168271082015 0.2642857142857145 0.5824085483249896 0.2642857142857145 0.5824085483249896 0.3200000000000003 0.5254168271082015 0.3200000000000003
0 0.5246361185983824 0.22142857142857167 0.5816278398151705 0.22142857142857167 0.5816278398151705 0.2771428571428574 0.5246361185983824 0.2771428571428574
1 0.5269782441278396 0.4614285714285717 0.5839699653446276 0.4614285714285717 0.5839699653446276 0.5171428571428575 0.5269782441278396 0.5171428571428575
1 0.4785743165190603 0.5014285714285717 0.5355660377358484 0.5014285714285717 0.5355660377358484 0.5571428571428574 0.4785743165190603 0.5571428571428574
0 0.4785743165190603 0.4628571428571431 0.5355660377358484 0.4628571428571431 0.5355660377358484 0.5185714285714288 0.4785743165190603 0.5185714285714288
0 0.47701289949942216 0.5414285714285717 0.5340046207162104 0.5414285714285717 0.5340046207162104 0.5971428571428574 0.47701289949942216 0.5971428571428574
1 0.47935502502887917 0.625714285714286 0.5363467462456674 0.625714285714286 0.5363467462456674 0.6742857142857146 0.47935502502887917 0.6742857142857146
0 0.4801357335386982 0.5814285714285716 0.5371274547554864 0.5814285714285716 0.5371274547554864 0.6371428571428573 0.4801357335386982 0.6371428571428573
0 0.47779360800924114 0.662857142857143 0.5347853292260293 0.662857142857143 0.5347853292260293 0.7185714285714287 0.47779360800924114 0.7185714285714287
0 0.47857431651906013 0.7028571428571432 0.5355660377358483 0.7028571428571432 0.5355660377358483 0.7585714285714288 0.47857431651906013 0.7585714285714288
0 0.5277589526376585 0.7014285714285716 0.5847506738544467 0.7014285714285716 0.5847506738544467 0.7571428571428573 0.5277589526376585 0.7571428571428573
1 0.5269782441278396 0.6600000000000001 0.5839699653446276 0.6600000000000001 0.5839699653446276 0.7157142857142859 0.5269782441278396 0.7157142857142859
1 0.5261975356180205 0.6257142857142859 0.5831892568348086 0.6257142857142859 0.5831892568348086 0.6814285714285716 0.5261975356180205 0.6814285714285716
0 0.5261975356180205 0.5828571428571431 0.5831892568348086 0.5828571428571431 0.5831892568348086 0.6385714285714288 0.5261975356180205 0.6385714285714288
1 0.5246361185983824 0.5414285714285717 0.5816278398151705 0.5414285714285717 0.5816278398151705 0.5971428571428574 0.5246361185983824 0.5971428571428574
1 0.37786291875240635 0.6042857142857145 0.4348546399691945 0.6042857142857145 0.4348546399691945 0.6600000000000003 0.37786291875240635 0.6600000000000003
0 0.3794243357720444 0.5428571428571431 0.4364160569888325 0.5428571428571431 0.4364160569888325 0.5985714285714289 0.3794243357720444 0.5985714285714289
1 0.37317866769349217 0.6800000000000003 0.4301703889102803 0.6800000000000003 0.4301703889102803 0.735714285714286 0.37317866769349217 0.735714285714286
0 0.37864362726222534 0.14857142857142883 0.4356353484790135 0.14857142857142883 0.4356353484790135 0.20428571428571457 0.37864362726222534 0.20428571428571457
0 0.37864362726222534 0.10142857142857169 0.4356353484790135 0.10142857142857169 0.4356353484790135 0.15714285714285744 0.37864362726222534 0.15714285714285744
0 0.6300317674239504 0.2271428571428574 0.6870234886407385 0.2271428571428574 0.6870234886407385 0.28285714285714314 0.6300317674239504 0.28285714285714314
0 0.6308124759337694 0.2642857142857145 0.6878041971505575 0.2642857142857145 0.6878041971505575 0.3200000000000003 0.6308124759337694 0.3200000000000003
1 0.6300317674239504 0.30571428571428594 0.6870234886407385 0.30571428571428594 0.6870234886407385 0.36142857142857165 0.6300317674239504 0.36142857142857165
0 0.6284703504043123 0.3485714285714288 0.6854620716211005 0.3485714285714288 0.6854620716211005 0.4042857142857146 0.6284703504043123 0.4042857142857146
1 0.6292510589141314 0.3871428571428573 0.6862427801309195 0.3871428571428573 0.6862427801309195 0.44285714285714306 0.6292510589141314 0.44285714285714306
0 0.6300317674239504 0.4571428571428573 0.6870234886407385 0.4571428571428573 0.6870234886407385 0.512857142857143 0.6300317674239504 0.512857142857143
1 0.6308124759337694 0.4957142857142859 0.6878041971505575 0.4957142857142859 0.6878041971505575 0.5514285714285716 0.6308124759337694 0.5514285714285716
0 0.6284703504043123 0.5814285714285716 0.6854620716211005 0.5814285714285716 0.6854620716211005 0.6371428571428573 0.6284703504043123 0.6371428571428573
0 0.6315931844435885 0.5400000000000001 0.6885849056603766 0.5400000000000001 0.6885849056603766 0.5957142857142859 0.6315931844435885 0.5957142857142859
1 0.6276896418944933 0.6185714285714288 0.6846813631112815 0.6185714285714288 0.6846813631112815 0.6742857142857146 0.6276896418944933 0.6742857142857146
0 0.6300317674239503 0.6571428571428571 0.6870234886407385 0.6571428571428571 0.6870234886407385 0.7128571428571429 0.6300317674239503 0.7128571428571429
1 0.6276896418944933 0.7 0.6846813631112815 0.7 0.6846813631112815 0.7557142857142856 0.6276896418944933 0.7557142857142856
0 0.6760935695032725 0.6214285714285713 0.7330852907200607 0.6214285714285713 0.7330852907200607 0.677142857142857 0.6760935695032725 0.677142857142857
0 0.6753128609934536 0.5785714285714285 0.7323045822102416 0.5785714285714285 0.7323045822102416 0.6342857142857142 0.6753128609934536 0.6342857142857142
0 0.6776549865229107 0.5399999999999999 0.7346467077396989 0.5399999999999999 0.7346467077396989 0.5957142857142856 0.6776549865229107 0.5957142857142856
0 0.6776549865229107 0.49999999999999994 0.7346467077396989 0.49999999999999994 0.7346467077396989 0.5557142857142857 0.6776549865229107 0.5557142857142857
0 0.6768742780130917 0.4571428571428571 0.7338659992298799 0.4571428571428571 0.7338659992298799 0.5128571428571428 0.6768742780130917 0.5128571428571428
0 0.6776549865229107 0.3857142857142856 0.7346467077396989 0.3857142857142856 0.7346467077396989 0.4414285714285714 0.6776549865229107 0.4414285714285714
1 0.6776549865229107 0.34428571428571414 0.7346467077396989 0.34428571428571414 0.7346467077396989 0.3999999999999999 0.6776549865229107 0.3999999999999999
0 0.6768742780130917 0.3042857142857141 0.7338659992298799 0.3042857142857141 0.7338659992298799 0.3599999999999998 0.6768742780130917 0.3599999999999998
0 0.6768742780130917 0.2642857142857141 0.7338659992298799 0.2642857142857141 0.7338659992298799 0.31999999999999984 0.6768742780130917 0.31999999999999984
1 0.6760935695032725 0.22142857142857125 0.7330852907200607 0.22142857142857125 0.7330852907200607 0.27714285714285697 0.6760935695032725 0.27714285714285697
0 0.7775856757797454 0.26714285714285696 0.8345773969965335 0.26714285714285696 0.8345773969965335 0.32285714285714273 0.7775856757797454 0.32285714285714273
1 0.7783663842895644 0.22428571428571412 0.8353581055063526 0.22428571428571412 0.8353581055063526 0.27999999999999986 0.7783663842895644 0.27999999999999986
1 0.7775856757797454 0.3042857142857141 0.8345773969965335 0.3042857142857141 0.8345773969965335 0.3599999999999998 0.7775856757797454 0.3599999999999998
1 0.7799278013092025 0.34571428571428553 0.8369195225259907 0.34571428571428553 0.8369195225259907 0.4014285714285713 0.7799278013092025 0.4014285714285713
0 0.7768049672699264 0.38571428571428557 0.8337966884867146 0.38571428571428557 0.8337966884867146 0.4414285714285713 0.7768049672699264 0.4414285714285713
0 0.7768049672699264 0.46142857142857124 0.8337966884867146 0.46142857142857124 0.8337966884867146 0.517142857142857 0.7768049672699264 0.517142857142857
0 0.7791470927993837 0.5028571428571427 0.8361388140161718 0.5028571428571427 0.8361388140161718 0.5585714285714284 0.7791470927993837 0.5585714285714284
0 0.7768049672699265 0.5414285714285713 0.8337966884867147 0.5414285714285713 0.8337966884867147 0.597142857142857 0.7768049672699265 0.597142857142857
1 0.7783663842895645 0.5814285714285713 0.8353581055063527 0.5814285714285713 0.8353581055063527 0.637142857142857 0.7783663842895645 0.637142857142857
1 0.7783663842895645 0.6199999999999999 0.8353581055063527 0.6199999999999999 0.8353581055063527 0.6757142857142856 0.7783663842895645 0.6757142857142856
1 0.7791470927993837 0.6628571428571428 0.8361388140161718 0.6628571428571428 0.8361388140161718 0.7185714285714285 0.7791470927993837 0.7185714285714285
0 0.7791470927993837 0.7 0.8361388140161718 0.7 0.8361388140161718 0.7557142857142856 0.7791470927993837 0.7557142857142856
1 0.8228667693492487 0.7014285714285714 0.879858490566037 0.7014285714285714 0.879858490566037 0.7571428571428571 0.8228667693492487 0.7571428571428571
1 0.8244281863688867 0.66 0.8814199075856749 0.66 0.8814199075856749 0.7157142857142856 0.8244281863688867 0.7157142857142856
1 0.8205246438197915 0.6228571428571429 0.8775163650365798 0.6228571428571429 0.8775163650365798 0.6785714285714286 0.8205246438197915 0.6785714285714286
0 0.8267703118983437 0.5814285714285714 0.883762033115132 0.5814285714285714 0.883762033115132 0.6371428571428571 0.8267703118983437 0.6371428571428571
1 0.8236474778590678 0.5442857142857143 0.880639199075856 0.5442857142857143 0.880639199075856 0.6 0.8236474778590678 0.6
1 0.8244281863688867 0.5000000000000001 0.8814199075856749 0.5000000000000001 0.8814199075856749 0.5557142857142859 0.8244281863688867 0.5557142857142859
0 0.8259896033885248 0.4600000000000001 0.882981324605313 0.4600000000000001 0.882981324605313 0.5157142857142858 0.8259896033885248 0.5157142857142858
0 0.8252088948787027 0.38285714285714234 0.8806391990758561 0.38285714285714234 0.8806391990758561 0.438571428571428 0.8252088948787027 0.438571428571428
1 0.8267703118983408 0.34714285714285664 0.8822006160954942 0.34714285714285664 0.8822006160954942 0.40285714285714236 0.8267703118983408 0.40285714285714236
1 0.8259896033885217 0.3057142857142852 0.8814199075856751 0.3057142857142852 0.8814199075856751 0.36142857142857093 0.8259896033885217 0.36142857142857093
1 0.8228667693492457 0.2671428571428567 0.8782970735463991 0.2671428571428567 0.8782970735463991 0.32285714285714234 0.8228667693492457 0.32285714285714234
1 0.8228667693492457 0.2671428571428567 0.8782970735463991 0.2671428571428567 0.8782970735463991 0.32285714285714234 0.8228667693492457 0.32285714285714234
1 0.8291124374277977 0.2271428571428567 0.8845427416249511 0.2271428571428567 0.8845427416249511 0.2828571428571424 0.8291124374277977 0.2828571428571424
0 0.9251395841355374 0.10142857142857098 0.9805698883326909 0.10142857142857098 0.9805698883326909 0.1571428571428567 0.9251395841355374 0.1571428571428567
1 0.9251395841355374 0.181428571428571 0.9805698883326909 0.181428571428571 0.9805698883326909 0.23714285714285674 0.9251395841355374 0.23714285714285674
1 0.9251395841355374 0.1428571428571424 0.9805698883326909 0.1428571428571424 0.9805698883326909 0.19857142857142812 0.9251395841355374 0.19857142857142812
1 0.9251395841355374 0.2199999999999996 0.9805698883326909 0.2199999999999996 0.9805698883326909 0.2757142857142853 0.9251395841355374 0.2757142857142853
1 0.9282624181748137 0.2599999999999996 0.983692722371967 0.2599999999999996 0.983692722371967 0.31571428571428534 0.9282624181748137 0.31571428571428534
1 0.9259202926453566 0.29714285714285676 0.9813505968425099 0.29714285714285676 0.9813505968425099 0.3528571428571425 0.9259202926453566 0.3528571428571425
1 0.9259202926453566 0.3385714285714282 0.9813505968425099 0.3385714285714282 0.9813505968425099 0.39428571428571396 0.9259202926453566 0.39428571428571396
1 0.9251395841355374 0.37999999999999967 0.9805698883326909 0.37999999999999967 0.9805698883326909 0.43571428571428533 0.9251395841355374 0.43571428571428533
1 0.9251395841355374 0.41714285714285676 0.9805698883326909 0.41714285714285676 0.9805698883326909 0.4728571428571425 0.9251395841355374 0.4728571428571425
1 0.9282624181748137 0.4571428571428568 0.983692722371967 0.4571428571428568 0.983692722371967 0.5128571428571426 0.9282624181748137 0.5128571428571426
0 0.9267010011551754 0.49999999999999967 0.9821313053523287 0.49999999999999967 0.9821313053523287 0.5557142857142854 0.9267010011551754 0.5557142857142854
1 0.9274817096649944 0.5399999999999997 0.9829120138621478 0.5399999999999997 0.9829120138621478 0.5957142857142855 0.9274817096649944 0.5957142857142855
1 0.9282624181748135 0.5757142857142854 0.9836927223719668 0.5757142857142854 0.9836927223719668 0.6314285714285711 0.9282624181748135 0.6314285714285711
1 0.9259202926453562 0.6157142857142854 0.9813505968425097 0.6157142857142854 0.9813505968425097 0.6714285714285712 0.9259202926453562 0.6714285714285712
0 0.9274817096649944 0.6557142857142852 0.9829120138621478 0.6557142857142852 0.9829120138621478 0.711428571428571 0.9274817096649944 0.711428571428571
1 0.9274817096649944 0.7328571428571425 0.9829120138621478 0.7328571428571425 0.9829120138621478 0.7885714285714281 0.9274817096649944 0.7885714285714281
1 0.9243588756257184 0.6985714285714283 0.9797891798228717 0.6985714285714283 0.9797891798228717 0.754285714285714 0.9243588756257184 0.754285714285714
1 0.9259202926453562 0.7771428571428568 0.9813505968425097 0.7771428571428568 0.9813505968425097 0.8328571428571425 0.9259202926453562 0.8328571428571425
1 0.9243588756257184 0.8157142857142854 0.9797891798228717 0.8157142857142854 0.9797891798228717 0.8714285714285711 0.9243588756257184 0.8714285714285711
