1 0.11098128184133917 0.036458333333333336 0.19718033569868995 0.036458333333333336 0.19718033569868995 0.21223958333333337 0.11098128184133917 0.21223958333333337
1 0.17563057223435222 0.04557291666666666 0.26075213791848617 0.04557291666666666 0.26075213791848617 0.2213541666666667 0.17563057223435222 0.2213541666666667
1 0.23381493358806402 0.04947916666666666 0.3103165938864628 0.04947916666666666 0.3103165938864628 0.22526041666666663 0.23381493358806402 0.22526041666666663
1 0.2898443185953422 0.05208333333333332 0.3663459788937409 0.05208333333333332 0.3663459788937409 0.22786458333333337 0.2898443185953422 0.22786458333333337
1 0.34695119177583694 0.05208333333333334 0.42884029294032017 0.05208333333333334 0.42884029294032017 0.22786458333333337 0.34695119177583694 0.22786458333333337
1 0.410522993995633 0.04947916666666668 0.47732726073508 0.04947916666666668 0.47732726073508 0.2252604166666667 0.410522993995633 0.2252604166666667
1 0.46008744996360973 0.05208333333333332 0.5376665984352257 0.05208333333333332 0.5376665984352257 0.22786458333333337 0.46008744996360973 0.22786458333333337
1 0.5225817640101891 0.04947916666666666 0.6001609124818051 0.04947916666666666 0.6001609124818051 0.2252604166666667 0.5225817640101891 0.2252604166666667
1 0.5743011963245995 0.05208333333333334 0.6518803447962155 0.05208333333333334 0.6518803447962155 0.22786458333333337 0.5743011963245995 0.22786458333333337
1 0.6346405340247451 0.04947916666666666 0.712219682496361 0.04947916666666666 0.712219682496361 0.2252604166666667 0.6346405340247451 0.2252604166666667
1 0.6949798717248906 0.04817708333333334 0.7725590201965066 0.04817708333333334 0.7725590201965066 0.22395833333333337 0.6949798717248906 0.22395833333333337
1 0.7499317685589518 0.046875 0.8275109170305678 0.046875 0.8275109170305678 0.22265625000000003 0.7499317685589518 0.22265625000000003
1 0.8027286890465791 0.04427083333333334 0.8803078375181951 0.04427083333333334 0.8803078375181951 0.22005208333333337 0.8027286890465791 0.22005208333333337
1 0.11636872270742345 0.35677083333333326 0.19394787117903942 0.35677083333333326 0.19394787117903942 0.5325520833333333 0.11636872270742345 0.5325520833333333
1 0.17886303675400278 0.3580729166666666 0.25644218522561874 0.3580729166666666 0.25644218522561874 0.5338541666666665 0.17886303675400278 0.5338541666666665
1 0.23273744541484703 0.35937499999999994 0.310316593886463 0.35937499999999994 0.310316593886463 0.53515625 0.23273744541484703 0.53515625
1 0.28768934224890813 0.3580729166666666 0.3652684907205241 0.3580729166666666 0.3652684907205241 0.5338541666666665 0.28768934224890813 0.5338541666666665
1 0.3491061681222705 0.3580729166666666 0.4266853165938865 0.3580729166666666 0.4266853165938865 0.5338541666666665 0.3491061681222705 0.5338541666666665
1 0.4062130413027654 0.3580729166666666 0.48379218977438143 0.3580729166666666 0.48379218977438143 0.5338541666666665 0.4062130413027654 0.5338541666666665
1 0.4611649381368266 0.3619791666666666 0.5387440866084425 0.3619791666666666 0.5387440866084425 0.5377604166666665 0.4611649381368266 0.5377604166666665
1 0.5193492994905383 0.36328124999999994 0.5969284479621542 0.36328124999999994 0.5969284479621542 0.5390625 0.5193492994905383 0.5390625
1 0.5786111490174669 0.35677083333333326 0.6561902974890829 0.35677083333333326 0.6561902974890829 0.5325520833333333 0.5786111490174669 0.5325520833333333
1 0.6378729985443956 0.3580729166666666 0.7154521470160116 0.3580729166666666 0.7154521470160116 0.5338541666666665 0.6378729985443956 0.5338541666666665
1 0.6949798717248905 0.35937499999999994 0.7725590201965065 0.35937499999999994 0.7725590201965065 0.53515625 0.6949798717248905 0.53515625
0 0.7520867449053854 0.36067708333333326 0.8296658933770014 0.36067708333333326 0.8296658933770014 0.5364583333333333 0.7520867449053854 0.5364583333333333
1 0.8135035707787478 0.35937499999999994 0.8910827192503639 0.35937499999999994 0.8910827192503639 0.53515625 0.8135035707787478 0.53515625
1 0.7488542803857348 0.5065104166666666 0.8264334288573507 0.5065104166666666 0.8264334288573507 0.6822916666666667 0.7488542803857348 0.6822916666666667
1 0.6378729985443956 0.50390625 0.7154521470160116 0.50390625 0.7154521470160116 0.6796875 0.6378729985443956 0.6796875
1 0.6928248953784568 0.5052083333333334 0.7704040438500728 0.5052083333333334 0.7704040438500728 0.6809895833333335 0.6928248953784568 0.6809895833333335
1 0.5786111490174669 0.5026041666666666 0.6561902974890829 0.5026041666666666 0.6561902974890829 0.6783854166666667 0.5786111490174669 0.6783854166666667
1 0.5182718113173214 0.50390625 0.5958509597889372 0.50390625 0.5958509597889372 0.6796875 0.5182718113173214 0.6796875
0 0.4568549854439589 0.5065104166666666 0.5344341339155748 0.5065104166666666 0.5344341339155748 0.6822916666666667 0.4568549854439589 0.6822916666666667
1 0.40621304130276525 0.5078125 0.4837921897743812 0.5078125 0.4837921897743812 0.68359375 0.40621304130276525 0.68359375
0 0.3458737036026197 0.5052083333333334 0.42345285207423566 0.5052083333333334 0.42345285207423566 0.6809895833333335 0.3458737036026197 0.6809895833333335
1 0.2876893422489079 0.5078125 0.3652684907205239 0.5078125 0.3652684907205239 0.68359375 0.2876893422489079 0.68359375
0 0.2381248862809312 0.5026041666666666 0.31570403475254716 0.5026041666666666 0.31570403475254716 0.6783854166666667 0.2381248862809312 0.6783854166666667
1 0.17563057223435188 0.5013020833333334 0.25320972070596787 0.5013020833333334 0.25320972070596787 0.6770833333333335 0.17563057223435188 0.6770833333333335
1 0.33833128639010146 0.8072916666666665 0.4159104348617174 0.8072916666666665 0.4159104348617174 0.9830729166666665 0.33833128639010146 0.9830729166666665
1 0.27260450782387147 0.8033854166666665 0.3501836562954875 0.8033854166666665 0.3501836562954875 0.9791666666666665 0.27260450782387147 0.9791666666666665
0 0.22304005185589473 0.8033854166666665 0.30061920032751066 0.8033854166666665 0.30061920032751066 0.9791666666666665 0.22304005185589473 0.9791666666666665
0 0.16270071415574916 0.8072916666666665 0.24027986262736514 0.8072916666666665 0.24027986262736514 0.9830729166666665 0.16270071415574916 0.9830729166666665
0 0.11421374636098934 0.8085937499999999 0.1917928948326053 0.8085937499999999 0.1917928948326053 0.9843749999999999 0.11421374636098934 0.9843749999999999
0 0.054951896834060675 0.8138020833333331 0.13253104530567664 0.8138020833333331 0.13253104530567664 0.9895833333333331 0.054951896834060675 0.9895833333333331
0 2.7755575615628915e-18 0.8164062499999999 0.07757914847161597 0.8164062499999999 0.07757914847161597 0.9921874999999999 2.7755575615628915e-18 0.9921874999999999
0 0.513961858624454 0.81640625 0.5915410070960698 0.81640625 0.5915410070960698 0.983072916666667 0.513961858624454 0.983072916666667
0 0.4665523790029111 0.8190104166666665 0.5441315274745271 0.8190104166666665 0.5441315274745271 0.9947916666666665 0.4665523790029111 0.9947916666666665
1 0.5678362672852978 0.8151041666666665 0.6454154157569137 0.8151041666666665 0.6454154157569137 0.9804687499999997 0.5678362672852978 0.9804687499999997
1 0.6723526200873355 0.8138020833333331 0.7499317685589515 0.8138020833333331 0.7499317685589515 0.9791666666666663 0.6723526200873355 0.9791666666666663
1 0.6217106759461419 0.8138020833333331 0.699289824417758 0.8138020833333331 0.699289824417758 0.9791666666666663 0.6217106759461419 0.9791666666666663
1 0.725149540574963 0.8138020833333331 0.8027286890465789 0.8138020833333331 0.8027286890465789 0.9791666666666663 0.725149540574963 0.9791666666666663
1 0.781178925582241 0.8072916666666665 0.8587580740538571 0.8072916666666665 0.8587580740538571 0.9726562499999997 0.781178925582241 0.9726562499999997
1 0.8328983578966515 0.8072916666666665 0.9104775063682674 0.8072916666666665 0.9104775063682674 0.9726562499999997 0.8328983578966515 0.9726562499999997
1 0.8867727665574957 0.8098958333333331 0.9643519150291117 0.8098958333333331 0.9643519150291117 0.9752604166666663 0.8867727665574957 0.9752604166666663
1 0.9428931268195051 0.8098958333333335 1.0000000000000002 0.8098958333333335 1.0000000000000002 0.9752604166666665 0.9428931268195051 0.9752604166666665
1 0.11744621088064008 0.50390625 0.19502535935225604 0.50390625 0.19502535935225604 0.6796875 0.11744621088064008 0.6796875
