1 0.36380876068376033 0.7050781249999999 0.04290197649572652 0.1106770833333331
1 0.39469818376068344 0.7050781249999999 0.04290197649572652 0.1106770833333331
1 0.42472956730769196 0.7037760416666664 0.04290197649572652 0.1106770833333331
1 0.45218683226495693 0.7063802083333331 0.04290197649572652 0.1106770833333331
1 0.4805021367521365 0.7063802083333331 0.04290197649572652 0.1106770833333331
1 0.5113915598290596 0.7063802083333331 0.04290197649572652 0.1106770833333331
1 0.5414229433760681 0.7063802083333331 0.04290197649572652 0.1106770833333331
1 0.5911892361111107 0.7063802083333331 0.04290197649572652 0.1106770833333331
1 0.6212206196581195 0.7076822916666664 0.04290197649572652 0.1106770833333331
1 0.6503939636752133 0.7076822916666664 0.04290197649572652 0.1106770833333331
1 0.6787092681623931 0.7089843749999997 0.04290197649572652 0.1106770833333331
1 0.707882612179487 0.7076822916666664 0.04290197649572652 0.1106770833333331
1 0.7370559561965809 0.7115885416666664 0.04290197649572652 0.1106770833333331
1 0.7670873397435897 0.7115885416666664 0.04290197649572652 0.1106770833333331
1 0.7962606837606836 0.7102864583333331 0.04290197649572652 0.1106770833333331
1 0.8237179487179486 0.7089843749999997 0.04290197649572652 0.1106770833333331
1 0.8537493322649573 0.7063802083333331 0.04290197649572652 0.1106770833333331
1 0.8829226762820513 0.7063802083333331 0.04290197649572652 0.1106770833333331
1 0.9112379807692308 0.7076822916666664 0.04290197649572652 0.1106770833333331
1 0.9395532852564104 0.7076822916666664 0.04290197649572652 0.1106770833333331
1 0.36552483974358974 0.7897135416666664 0.04290197649572652 0.1106770833333331
1 0.39555622329059825 0.7923177083333331 0.04290197649572652 0.1106770833333331
1 0.42129740918803416 0.7936197916666664 0.04290197649572652 0.1106770833333331
1 0.45304487179487174 0.7910156249999997 0.04290197649572652 0.1106770833333331
1 0.4813601762820513 0.7923177083333331 0.04290197649572652 0.1106770833333331
1 0.5105335202991452 0.7962239583333331 0.04290197649572652 0.1106770833333331
1 0.5405649038461537 0.7962239583333331 0.04290197649572652 0.1106770833333331
1 0.5920472756410257 0.7949218749999997 0.04290197649572652 0.1106770833333331
1 0.6212206196581197 0.7962239583333331 0.04290197649572652 0.1106770833333331
1 0.6512520032051283 0.7962239583333331 0.04290197649572652 0.1106770833333331
1 0.6795673076923079 0.7988281249999997 0.04290197649572652 0.1106770833333331
1 0.7396300747863249 0.7975260416666664 0.04290197649572652 0.1106770833333331
1 0.7095986912393164 0.7988281249999997 0.04290197649572652 0.1106770833333331
1 0.7653712606837608 0.7962239583333331 0.04290197649572652 0.1106770833333331
1 0.7954026442307695 0.7975260416666664 0.04290197649572652 0.1106770833333331
1 0.8245759882478635 0.7936197916666664 0.04290197649572652 0.1106770833333331
1 0.8554654113247864 0.7962239583333331 0.04290197649572652 0.1106770833333331
1 0.8829226762820516 0.7936197916666664 0.04290197649572652 0.1106770833333331
1 0.9112379807692308 0.7949218749999997 0.04290197649572652 0.1106770833333331
1 0.45218683226495726 0.4980468749999998 0.04290197649572652 0.1106770833333331
1 0.4813601762820513 0.4967447916666664 0.04290197649572652 0.1106770833333331
1 0.5113915598290598 0.4980468749999998 0.04290197649572652 0.1106770833333331
0 0.5414229433760682 0.5032552083333331 0.04290197649572648 0.12109374999999979
0 0.4230134882478632 0.5019531249999998 0.04290197649572652 0.1106770833333331
0 0.3921240651709401 0.4980468749999998 0.04290197649572652 0.1106770833333331
0 0.3638087606837606 0.4980468749999998 0.04290197649572652 0.1106770833333331
0 0.33635149572649575 0.4980468749999998 0.04290197649572652 0.1106770833333331
0 0.3037459935897436 0.4134114583333331 0.04290197649572652 0.1106770833333331
0 0.3320612980769231 0.4095052083333331 0.04290197649572652 0.1106770833333331
0 0.35866052350427347 0.4069010416666664 0.04290197649572652 0.1106770833333331
0 0.39298210470085465 0.4016927083333331 0.04290197649572652 0.1106770833333331
0 0.42129740918803416 0.4055989583333331 0.04290197649572652 0.1106770833333331
0 0.4504707532051281 0.4082031249999998 0.04290197649572652 0.1106770833333331
0 0.48050213675213654 0.4069010416666664 0.04290197649572652 0.1106770833333331
0 0.5414229433760682 0.4082031249999998 0.04290197649572652 0.1106770833333331
0 0.508817441239316 0.4082031249999998 0.04290197649572652 0.1106770833333331
0 0.5954794337606836 0.4108072916666664 0.04290197649572652 0.1106770833333331
0 0.6212206196581195 0.4095052083333331 0.04290197649572652 0.1106770833333331
1 0.6795673076923078 0.4134114583333331 0.04290197649572652 0.1106770833333331
1 0.6529680822649573 0.4134114583333331 0.04290197649572652 0.1106770833333331
1 0.7078826121794871 0.4134114583333331 0.04290197649572652 0.1106770833333331
1 0.7361979166666667 0.4121093749999998 0.04290197649572652 0.1106770833333331
1 0.7653712606837607 0.4121093749999998 0.04290197649572652 0.1106770833333331
1 0.7928285256410257 0.4108072916666664 0.04290197649572652 0.1106770833333331
1 0.8254340277777779 0.4108072916666664 0.04290197649572652 0.1106770833333331
1 0.8537493322649573 0.4095052083333331 0.04290197649572652 0.1106770833333331
1 0.8846387553418805 0.4108072916666664 0.04290197649572652 0.1106770833333331
1 0.9120960202991454 0.4108072916666664 0.04290197649572652 0.1106770833333331
1 0.9412693643162394 0.4108072916666664 0.04290197649572652 0.1106770833333331
1 0.9429854433760686 0.4980468749999998 0.04290197649572652 0.1106770833333331
1 0.9103799412393165 0.4980468749999998 0.04290197649572652 0.1106770833333331
1 0.8829226762820516 0.4967447916666664 0.04290197649572652 0.1106770833333331
1 0.8554654113247865 0.4980468749999998 0.04290197649572652 0.1106770833333331
1 0.8237179487179489 0.4980468749999998 0.04290197649572652 0.1106770833333331
1 0.7962606837606839 0.4980468749999998 0.04290197649572652 0.1106770833333331
1 0.7662293002136754 0.4980468749999998 0.04290197649572652 0.1106770833333331
1 0.7404881143162395 0.4967447916666664 0.04290197649572652 0.1106770833333331
1 0.7095986912393163 0.4980468749999998 0.04290197649572652 0.1106770833333331
1 0.6787092681623932 0.4954427083333331 0.04290197649572652 0.1106770833333331
1 0.6512520032051282 0.4928385416666664 0.04290197649572652 0.1106770833333331
1 0.620362580128205 0.4954427083333331 0.04290197649572652 0.1106770833333331
1 0.5886151175213675 0.4954427083333331 0.04290197649572652 0.1106770833333331
1 0.943843482905983 0.20247395833333307 0.04290197649572652 0.1106770833333331
1 0.9138120993589745 0.20117187499999972 0.04290197649572652 0.1106770833333331
1 0.8837807158119659 0.20117187499999972 0.04290197649572652 0.1106770833333331
1 0.856323450854701 0.20247395833333307 0.04290197649572652 0.1106770833333331
1 0.8262920673076924 0.20117187499999972 0.04290197649572652 0.1106770833333331
1 0.7988348023504276 0.20117187499999972 0.04290197649572652 0.1106770833333331
0 0.7688034188034188 0.20377604166666644 0.04290197649572652 0.1106770833333331
1 0.7387720352564106 0.19986979166666644 0.04290197649572652 0.1106770833333331
1 0.710456730769231 0.19856770833333307 0.04290197649572652 0.1106770833333331
1 0.6795673076923078 0.19986979166666644 0.04290197649572652 0.1106770833333331
1 0.6512520032051282 0.20117187499999972 0.04290197649572652 0.1106770833333331
1 0.6237947382478631 0.20117187499999972 0.04290197649572652 0.1106770833333331
0 0.5937633547008546 0.20247395833333307 0.04290197649572652 0.1106770833333331
0 0.5954794337606836 0.11393229166666641 0.04290197649572652 0.1106770833333331
0 0.6521100427350427 0.11393229166666641 0.04290197649572652 0.1106770833333331
1 0.6872896634615384 0.11653645833333308 0.04290197649572652 0.1106770833333331
1 0.6229366987179487 0.11523437499999975 0.04290197649572652 0.1106770833333331
0 0.7095986912393163 0.11263020833333308 0.04290197649572652 0.1106770833333331
0 0.7422041933760685 0.11263020833333308 0.04290197649572652 0.1106770833333331
1 0.7688034188034187 0.11263020833333308 0.04290197649572652 0.1106770833333331
1 0.7962606837606837 0.11393229166666641 0.04290197649572652 0.1106770833333331
1 0.8254340277777777 0.11132812499999975 0.04290197649572652 0.1106770833333331
1 0.856323450854701 0.11263020833333308 0.04290197649572652 0.1106770833333331
1 0.8837807158119658 0.11393229166666641 0.04290197649572652 0.1106770833333331
1 0.914670138888889 0.11393229166666641 0.04290197649572652 0.1106770833333331
1 0.9421274038461539 0.11653645833333308 0.04290197649572652 0.1106770833333331
1 0.5422809829059829 0.11132812499999974 0.04290197649572652 0.1106770833333331
0 0.5113915598290598 0.1139322916666664 0.04290197649572652 0.1106770833333331
0 0.4847923344017095 0.1139322916666664 0.04290197649572652 0.1106770833333331
0 0.45390291132478644 0.1100260416666664 0.04290197649572652 0.1106770833333331
0 0.4264456463675215 0.1139322916666664 0.04290197649572652 0.1106770833333331
0 0.3929821047008549 0.11523437499999974 0.04290197649572652 0.1106770833333331
0 0.3663828792735045 0.11393229166666641 0.04290197649572652 0.1106770833333331
0 0.33463541666666685 0.10872395833333308 0.04290197649572652 0.1106770833333331
0 0.30975227029914554 0.11263020833333308 0.04290197649572652 0.1106770833333331
0 0.279720886752137 0.11002604166666641 0.04290197649572652 0.1106770833333331
0 0.24539930555555578 0.11523437499999975 0.04290197649572652 0.1106770833333331
0 0.21880008012820537 0.11653645833333308 0.04290197649572652 0.1106770833333331
0 0.25140558226495746 0.20768229166666644 0.04290197649572652 0.1106770833333331
0 0.3054620726495729 0.21158854166666644 0.04290197649572652 0.1106770833333331
0 0.2788628472222225 0.21158854166666644 0.04290197649572652 0.1106770833333331
0 0.3354934561965814 0.21289062499999972 0.04290197649572652 0.1106770833333331
0 0.36466680021367537 0.21289062499999972 0.04290197649572652 0.1106770833333331
0 0.3955562232905984 0.21289062499999972 0.04290197649572652 0.1106770833333331
0 0.42301348824786333 0.21028645833333304 0.04290197649572652 0.1106770833333331
0 0.4504707532051283 0.21289062499999972 0.04290197649572652 0.1106770833333331
1 0.4847923344017095 0.21419270833333304 0.04290197649572652 0.1106770833333331
0 0.5113915598290598 0.21419270833333304 0.04290197649572652 0.1106770833333331
0 0.5397068643162393 0.21809895833333307 0.04290197649572652 0.1106770833333331
0 0.03818275908119658 0.12955729166666666 0.06263688568376068 0.07421874999999996
0 0.05362747061965813 0.17252604166666669 0.06263688568376068 0.08203125000000004
0 0.0759364983974359 0.208984375 0.06263688568376068 0.08203125000000004
0 0.09223924946581195 0.24283854166666663 0.06263688568376068 0.08203125000000004
0 0.10167768429487177 0.2819010416666668 0.06778512286324781 0.08203125000000006
0 0.1789012419871794 0.522135416666667 0.06778512286324781 0.0625000000000004
0 0.18833967681623928 0.5631510416666669 0.0677851228632478 0.06640625000000037
0 0.19692007211538445 0.613932291666667 0.0677851228632478 0.06901041666666709
1 0.20550046741452982 0.6569010416666669 0.0677851228632478 0.06901041666666709
1 0.21579694177350411 0.7063802083333336 0.0677851228632478 0.06901041666666709
1 0.2183710603632477 0.7493489583333336 0.0677851228632478 0.06901041666666709
1 0.22180321848290582 0.7923177083333336 0.0677851228632478 0.06901041666666709
1 0.22266125801282036 0.8391927083333336 0.0677851228632478 0.06901041666666709
