0 0.20077509303852892 0.71484375 0.2516042305166375 0.71484375 0.2516042305166375 0.76171875 0.20077509303852892 0.76171875
0 0.1533345647256276 0.7174479166666665 0.20416370220373614 0.7174479166666665 0.20416370220373614 0.7643229166666665 0.1533345647256276 0.7643229166666665
0 0.15164026014302395 0.6809895833333331 0.2024693976211325 0.6809895833333331 0.2024693976211325 0.7278645833333331 0.15164026014302395 0.7278645833333331
0 0.15164026014302384 0.6497395833333335 0.2024693976211324 0.6497395833333335 0.2024693976211324 0.6927083333333337 0.15164026014302384 0.6927083333333337
0 0.15164026014302384 0.6132812500000002 0.20246939762113236 0.6132812500000002 0.20246939762113236 0.6601562500000007 0.15164026014302384 0.6601562500000007
0 0.1558760215995329 0.5742187500000002 0.20670515907764142 0.5742187500000002 0.20670515907764142 0.6210937500000007 0.1558760215995329 0.6210937500000007
0 0.15841747847343832 0.5091145833333335 0.20924661595154687 0.5091145833333335 0.20924661595154687 0.5559895833333339 0.15841747847343832 0.5559895833333339
0 0.1558760215995329 0.5416666666666669 0.20670515907764142 0.5416666666666669 0.20670515907764142 0.5885416666666673 0.1558760215995329 0.5885416666666673
0 0.15841747847343832 0.44531250000000017 0.20924661595154687 0.44531250000000017 0.20924661595154687 0.49218750000000056 0.15841747847343832 0.49218750000000056
0 0.1567231738908347 0.47786458333333354 0.20755231136894323 0.47786458333333354 0.20755231136894323 0.5247395833333339 0.1567231738908347 0.5247395833333339
0 0.1575703261821365 0.4088541666666668 0.20839946366024503 0.4088541666666668 0.20839946366024503 0.4557291666666672 0.1575703261821365 0.4557291666666672
0 0.15841747847343832 0.3736979166666668 0.20924661595154687 0.3736979166666668 0.20924661595154687 0.4205729166666672 0.15841747847343832 0.4205729166666672
0 0.15926463076474012 0.3385416666666668 0.21009376824284867 0.3385416666666668 0.21009376824284867 0.3854166666666672 0.15926463076474012 0.3854166666666672
0 0.15926463076474012 0.3020833333333335 0.21009376824284867 0.3020833333333335 0.21009376824284867 0.34895833333333387 0.15926463076474012 0.34895833333333387
0 0.15841747847343832 0.2669270833333335 0.20924661595154687 0.2669270833333335 0.20924661595154687 0.31380208333333387 0.15841747847343832 0.31380208333333387
0 0.16180608763864554 0.23046875000000017 0.21263522511675406 0.23046875000000017 0.21263522511675406 0.27734375000000056 0.16180608763864554 0.27734375000000056
0 0.1592646307647401 0.19140625000000017 0.21009376824284864 0.19140625000000017 0.21009376824284864 0.23828125000000053 0.1592646307647401 0.23828125000000053
0 0.06099496497373016 0.23046875000000017 0.1118241024518387 0.23046875000000017 0.1118241024518387 0.27734375000000056 0.06099496497373016 0.27734375000000056
0 0.05591205122591929 0.26562500000000017 0.10674118870402782 0.26562500000000017 0.10674118870402782 0.31250000000000056 0.05591205122591929 0.31250000000000056
0 0.05252344206071204 0.29687500000000017 0.10335257953882059 0.29687500000000017 0.10335257953882059 0.34375000000000056 0.05252344206071204 0.34375000000000056
0 0.05167628976941023 0.3372395833333335 0.10250542724751877 0.3372395833333335 0.10250542724751877 0.38411458333333387 0.05167628976941023 0.38411458333333387
0 0.05252344206071204 0.37109375000000017 0.10335257953882059 0.37109375000000017 0.10335257953882059 0.41796875000000056 0.05252344206071204 0.41796875000000056
0 0.05252344206071204 0.4049479166666668 0.10335257953882059 0.4049479166666668 0.10335257953882059 0.4518229166666672 0.05252344206071204 0.4518229166666672
0 0.05252344206071204 0.43750000000000017 0.10335257953882059 0.43750000000000017 0.10335257953882059 0.48437500000000056 0.05252344206071204 0.48437500000000056
0 0.05252344206071204 0.47265625000000017 0.10335257953882059 0.47265625000000017 0.10335257953882059 0.5195312500000006 0.05252344206071204 0.5195312500000006
0 0.05167628976941024 0.6445312500000001 0.10250542724751878 0.6445312500000001 0.10250542724751878 0.6914062500000004 0.05167628976941024 0.6914062500000004
0 0.05252344206071204 0.5039062500000001 0.10335257953882059 0.5039062500000001 0.10335257953882059 0.5507812500000004 0.05252344206071204 0.5507812500000004
0 0.05337059435201385 0.5429687500000001 0.10419973183012239 0.5429687500000001 0.10419973183012239 0.5898437500000004 0.05337059435201385 0.5898437500000004
0 0.05167628976941023 0.5755208333333335 0.10250542724751877 0.5755208333333335 0.10250542724751877 0.6223958333333339 0.05167628976941023 0.6223958333333339
0 0.05167628976941023 0.6080729166666669 0.10250542724751877 0.6080729166666669 0.10250542724751877 0.6549479166666673 0.05167628976941023 0.6549479166666673
0 0.05167628976941023 0.7291666666666669 0.10250542724751877 0.7291666666666669 0.10250542724751877 0.7760416666666673 0.05167628976941023 0.7760416666666673
0 0.05252344206071204 0.6809895833333335 0.10335257953882059 0.6809895833333335 0.10335257953882059 0.7278645833333339 0.05252344206071204 0.7278645833333339
0 0.04828768060420299 0.7643229166666669 0.09911681808231153 0.7643229166666669 0.09911681808231153 0.8111979166666673 0.04828768060420299 0.8111979166666673
0 0.04828768060420299 0.8072916666666669 0.09911681808231153 0.8072916666666669 0.09911681808231153 0.8541666666666673 0.04828768060420299 0.8541666666666673
0 0.2058580067863396 0.6783854166666669 0.25668714426444816 0.6783854166666669 0.25668714426444816 0.7252604166666673 0.2058580067863396 0.7252604166666673
0 0.20416370220373597 0.6367187500000001 0.25499283968184455 0.6367187500000001 0.25499283968184455 0.6835937500000004 0.20416370220373597 0.6835937500000004
0 0.20670515907764136 0.6119791666666669 0.2575342965557499 0.6119791666666669 0.2575342965557499 0.6588541666666673 0.20670515907764136 0.6588541666666673
0 0.20670515907764136 0.5768229166666669 0.2575342965557499 0.5768229166666669 0.2575342965557499 0.6236979166666673 0.20670515907764136 0.6236979166666673
0 0.20501085449503773 0.5377604166666669 0.2558399919731463 0.5377604166666669 0.2558399919731463 0.5846354166666673 0.20501085449503773 0.5846354166666673
0 0.20839946366024498 0.4986979166666668 0.2592286011383535 0.4986979166666668 0.2592286011383535 0.5455729166666672 0.20839946366024498 0.5455729166666672
0 0.20670515907764136 0.4674479166666668 0.2575342965557499 0.4674479166666668 0.2575342965557499 0.5143229166666672 0.20670515907764136 0.5143229166666672
0 0.20924661595154678 0.4401041666666668 0.26007575342965533 0.4401041666666668 0.26007575342965533 0.4869791666666672 0.20924661595154678 0.4869791666666672
0 0.2109409205341504 0.40234375000000017 0.26177005801225894 0.40234375000000017 0.26177005801225894 0.44921875000000056 0.2109409205341504 0.44921875000000056
0 0.2109409205341504 0.36458333333333354 0.26177005801225894 0.36458333333333354 0.26177005801225894 0.41145833333333387 0.2109409205341504 0.41145833333333387
0 0.21178807282545223 0.32812500000000017 0.2626172103035608 0.32812500000000017 0.2626172103035608 0.37500000000000056 0.21178807282545223 0.37500000000000056
0 0.21178807282545223 0.29296875000000017 0.2626172103035608 0.29296875000000017 0.2626172103035608 0.33984375000000056 0.21178807282545223 0.33984375000000056
0 0.3117520431990658 0.36718750000000017 0.3625811806771743 0.36718750000000017 0.3625811806771743 0.41406250000000056 0.3117520431990658 0.41406250000000056
0 0.30921058632516035 0.4010416666666668 0.36003972380326893 0.4010416666666668 0.36003972380326893 0.4479166666666672 0.30921058632516035 0.4479166666666672
0 0.3100577386164622 0.43750000000000017 0.3608868760945707 0.43750000000000017 0.3608868760945707 0.48437500000000056 0.3100577386164622 0.48437500000000056
0 0.31090489090776396 0.46614583333333354 0.3617340283858725 0.46614583333333354 0.3617340283858725 0.5130208333333339 0.31090489090776396 0.5130208333333339
0 0.3083634340338586 0.5052083333333335 0.35919257151196715 0.5052083333333335 0.35919257151196715 0.5520833333333339 0.3083634340338586 0.5520833333333339
0 0.3075162817425568 0.5442708333333335 0.3583454192206654 0.5442708333333335 0.3583454192206654 0.5911458333333339 0.3075162817425568 0.5911458333333339
0 0.3058219771599532 0.5781250000000001 0.3566511146380617 0.5781250000000001 0.3566511146380617 0.6250000000000004 0.3058219771599532 0.6250000000000004
0 0.3075162817425568 0.6106770833333335 0.3583454192206654 0.6106770833333335 0.3583454192206654 0.6575520833333339 0.3075162817425568 0.6575520833333339
0 0.3075162817425568 0.6497395833333335 0.3583454192206654 0.6497395833333335 0.3583454192206654 0.6966145833333339 0.3075162817425568 0.6966145833333339
0 0.3058219771599532 0.6888020833333335 0.3566511146380617 0.6888020833333335 0.3566511146380617 0.7356770833333339 0.3058219771599532 0.7356770833333339
0 0.30497482486865135 0.7226562500000001 0.35580396234675987 0.7226562500000001 0.35580396234675987 0.7695312500000007 0.30497482486865135 0.7695312500000007
0 0.3558039623467599 0.7265625000000001 0.40663309982486845 0.7265625000000001 0.40663309982486845 0.7734375000000007 0.3558039623467599 0.7734375000000007
0 0.3507210485989491 0.6848958333333335 0.40155018607705767 0.6848958333333335 0.40155018607705767 0.7317708333333339 0.3507210485989491 0.7317708333333339
0 0.3549568100554581 0.6536458333333335 0.4057859475335666 0.6536458333333335 0.4057859475335666 0.7005208333333339 0.3549568100554581 0.7005208333333339
0 0.3549568100554581 0.6132812500000001 0.4057859475335666 0.6132812500000001 0.4057859475335666 0.6601562500000004 0.3549568100554581 0.6601562500000004
0 0.35580396234675987 0.5455729166666669 0.4066330998248684 0.5455729166666669 0.4066330998248684 0.5924479166666673 0.35580396234675987 0.5924479166666673
0 0.35580396234675987 0.5794270833333335 0.4066330998248684 0.5794270833333335 0.4066330998248684 0.6263020833333339 0.35580396234675987 0.6263020833333339
0 0.3566511146380617 0.5130208333333335 0.4074802521161702 0.5130208333333335 0.4074802521161702 0.5598958333333339 0.3566511146380617 0.5598958333333339
0 0.3566511146380617 0.47656250000000017 0.4074802521161702 0.47656250000000017 0.4074802521161702 0.5234375000000006 0.3566511146380617 0.5234375000000006
0 0.3549568100554581 0.44270833333333354 0.4057859475335666 0.44270833333333354 0.4057859475335666 0.48958333333333387 0.3549568100554581 0.48958333333333387
0 0.3583454192206654 0.40364583333333354 0.4091745566987739 0.40364583333333354 0.4091745566987739 0.45052083333333387 0.3583454192206654 0.45052083333333387
1 0.3558039623467599 0.3697916666666668 0.40663309982486845 0.3697916666666668 0.40663309982486845 0.4166666666666672 0.3558039623467599 0.4166666666666672
0 0.46085084646818436 0.2994791666666668 0.5116799839462929 0.2994791666666668 0.5116799839462929 0.3463541666666672 0.46085084646818436 0.3463541666666672
0 0.46000369417688247 0.40755208333333354 0.510832831654991 0.40755208333333354 0.510832831654991 0.45442708333333387 0.46000369417688247 0.45442708333333387
0 0.46000369417688247 0.3346354166666668 0.510832831654991 0.3346354166666668 0.510832831654991 0.3815104166666672 0.46000369417688247 0.3815104166666672
0 0.46000369417688247 0.3346354166666668 0.510832831654991 0.3346354166666668 0.510832831654991 0.3815104166666672 0.46000369417688247 0.3815104166666672
0 0.46085084646818436 0.37239583333333354 0.5116799839462929 0.37239583333333354 0.5116799839462929 0.41927083333333387 0.46085084646818436 0.41927083333333387
1 0.46085084646818436 0.4440104166666668 0.5116799839462929 0.4440104166666668 0.5116799839462929 0.4908854166666672 0.46085084646818436 0.4908854166666672
0 0.46000369417688247 0.4791666666666668 0.510832831654991 0.4791666666666668 0.510832831654991 0.5260416666666672 0.46000369417688247 0.5260416666666672
0 0.457462237302977 0.5143229166666669 0.5082913747810857 0.5143229166666669 0.5082913747810857 0.5611979166666673 0.457462237302977 0.5611979166666673
0 0.4583093895942787 0.5468750000000001 0.5091385270723873 0.5468750000000001 0.5091385270723873 0.5937500000000004 0.4583093895942787 0.5937500000000004
0 0.4566150850116751 0.5846354166666669 0.5074442224897836 0.5846354166666669 0.5074442224897836 0.6315104166666673 0.4566150850116751 0.6315104166666673
0 0.45746223730297686 0.6171875000000001 0.5082913747810854 0.6171875000000001 0.5082913747810854 0.6640625000000004 0.45746223730297686 0.6640625000000004
1 0.45407362813776964 0.6575520833333335 0.5049027656158782 0.6575520833333335 0.5049027656158782 0.7044270833333339 0.45407362813776964 0.7044270833333339
0 0.45322647584646775 0.6927083333333335 0.5040556133245764 0.6927083333333335 0.5040556133245764 0.7395833333333339 0.45322647584646775 0.7395833333333339
0 0.4515321712638641 0.7265625000000001 0.5023613087419727 0.7265625000000001 0.5023613087419727 0.7734375000000007 0.4515321712638641 0.7734375000000007
0 0.5015141564506709 0.7265625000000001 0.5523432939287795 0.7265625000000001 0.5523432939287795 0.7734375000000007 0.5015141564506709 0.7734375000000007
0 0.5057499179071799 0.6914062500000001 0.5565790553852885 0.6914062500000001 0.5565790553852885 0.7382812500000007 0.5057499179071799 0.7382812500000007
0 0.5082913747810853 0.6197916666666669 0.5591205122591939 0.6197916666666669 0.5591205122591939 0.6666666666666673 0.5082913747810853 0.6666666666666673
0 0.5065970701984818 0.6575520833333335 0.5574262076765903 0.6575520833333335 0.5574262076765903 0.7044270833333339 0.5065970701984818 0.7044270833333339
0 0.5091385270723872 0.5846354166666669 0.5599676645504957 0.5846354166666669 0.5599676645504957 0.6315104166666673 0.5091385270723872 0.6315104166666673
0 0.5082913747810853 0.5533854166666669 0.5591205122591939 0.5533854166666669 0.5591205122591939 0.6002604166666673 0.5082913747810853 0.6002604166666673
0 0.5065970701984818 0.5208333333333335 0.5574262076765903 0.5208333333333335 0.5574262076765903 0.5677083333333339 0.5065970701984818 0.5677083333333339
0 0.5065970701984813 0.48958333333333354 0.5574262076765899 0.48958333333333354 0.5574262076765899 0.5325520833333339 0.5065970701984813 0.5325520833333339
0 0.5074442224897832 0.45312500000000017 0.5582733599678916 0.45312500000000017 0.5582733599678916 0.4986979166666672 0.5074442224897832 0.4986979166666672
0 0.5091385270723868 0.41796875000000017 0.5599676645504953 0.41796875000000017 0.5599676645504953 0.4635416666666672 0.5091385270723868 0.4635416666666672
0 0.5065970701984813 0.38802083333333354 0.5574262076765899 0.38802083333333354 0.5574262076765899 0.43359375000000056 0.5065970701984813 0.43359375000000056
0 0.5091385270723868 0.35286458333333354 0.5599676645504953 0.35286458333333354 0.5599676645504953 0.39843750000000056 0.5091385270723868 0.39843750000000056
0 0.5091385270723868 0.3216145833333335 0.5599676645504953 0.3216145833333335 0.5599676645504953 0.36718750000000056 0.5091385270723868 0.36718750000000056
0 0.5108328316549904 0.2877604166666668 0.5616619691330988 0.2877604166666668 0.5616619691330988 0.33333333333333387 0.5108328316549904 0.33333333333333387
0 0.5159157454028013 0.2526041666666668 0.5667448828809097 0.2526041666666668 0.5667448828809097 0.29817708333333387 0.5159157454028013 0.29817708333333387
0 0.5133742885288958 0.21354166666666682 0.5642034260070042 0.21354166666666682 0.5642034260070042 0.25911458333333387 0.5133742885288958 0.25911458333333387
0 0.3710527035901917 0.11718750000000017 0.422728993359602 0.11718750000000017 0.422728993359602 0.1627604166666672 0.3710527035901917 0.1627604166666672
0 0.32022356611208314 0.1145833333333335 0.37189985588149344 0.1145833333333335 0.37189985588149344 0.16015625000000053 0.32022356611208314 0.16015625000000053
0 0.31683495694687586 0.15494791666666682 0.36851124671628616 0.15494791666666682 0.36851124671628616 0.2005208333333339 0.31683495694687586 0.2005208333333339
0 0.3659697898423808 0.15625000000000014 0.4176460796117911 0.15625000000000014 0.4176460796117911 0.20182291666666718 0.3659697898423808 0.20182291666666718
0 0.6141854111938111 0.12630208333333348 0.6650145486719196 0.12630208333333348 0.6650145486719196 0.17187500000000053 0.6141854111938111 0.17187500000000053
0 0.6150325634851129 0.18619791666666682 0.6658617009632214 0.18619791666666682 0.6658617009632214 0.2317708333333339 0.6150325634851129 0.2317708333333339
0 0.6184211726503202 0.15625000000000014 0.6692503101284286 0.15625000000000014 0.6692503101284286 0.20182291666666718 0.6184211726503202 0.20182291666666718
0 0.6150325634851129 0.22656250000000017 0.6658617009632214 0.22656250000000017 0.6658617009632214 0.27213541666666724 0.6150325634851129 0.27213541666666724
0 0.6141854111938101 0.2604166666666668 0.6650145486719186 0.2604166666666668 0.6650145486719186 0.29817708333333365 0.6141854111938101 0.29817708333333365
0 0.6107968020286023 0.29296874999999994 0.6616259395067107 0.29296874999999994 0.6616259395067107 0.33593750000000033 0.6107968020286023 0.33593750000000033
0 0.612491106611206 0.3268229166666666 0.6633202440893144 0.3268229166666666 0.6633202440893144 0.36979166666666696 0.612491106611206 0.36979166666666696
0 0.6099496497373006 0.35546874999999994 0.660778787215409 0.35546874999999994 0.660778787215409 0.39843750000000033 0.6099496497373006 0.39843750000000033
0 0.6116439543199043 0.39062499999999994 0.6624730917980126 0.39062499999999994 0.6624730917980126 0.43359375000000033 0.6116439543199043 0.43359375000000033
0 0.6065610405720929 0.42447916666666674 0.6633202440893143 0.42447916666666674 0.6633202440893143 0.4674479166666671 0.6065610405720929 0.4674479166666671
0 0.6116439543199043 0.4596354166666666 0.6624730917980126 0.4596354166666666 0.6624730917980126 0.502604166666667 0.6116439543199043 0.502604166666667
0 0.6091024974459988 0.4947916666666666 0.6599316349241071 0.4947916666666666 0.6599316349241071 0.537760416666667 0.6091024974459988 0.537760416666667
0 0.6082553451546969 0.5286458333333333 0.6590844826328053 0.5286458333333333 0.6590844826328053 0.5716145833333337 0.6082553451546969 0.5716145833333337
0 0.6048667359894896 0.5624999999999999 0.6556958734675981 0.5624999999999999 0.6556958734675981 0.6054687500000003 0.6048667359894896 0.6054687500000003
0 0.6057138882807913 0.5924479166666665 0.6565430257588997 0.5924479166666665 0.6565430257588997 0.6354166666666669 0.6057138882807913 0.6354166666666669
0 0.6057138882807913 0.6276041666666665 0.6565430257588997 0.6276041666666665 0.6565430257588997 0.6705729166666669 0.6057138882807913 0.6705729166666669
0 0.6057138882807913 0.6627604166666665 0.6565430257588997 0.6627604166666665 0.6565430257588997 0.7057291666666669 0.6057138882807913 0.7057291666666669
0 0.6040195836981878 0.6966145833333331 0.6548487211762961 0.6966145833333331 0.6548487211762961 0.7395833333333335 0.6040195836981878 0.7395833333333335
0 0.6031724314068859 0.7317708333333331 0.6540015688849943 0.7317708333333331 0.6540015688849943 0.7747395833333335 0.6031724314068859 0.7747395833333335
0 0.6531544165936927 0.7291666666666665 0.703983554071801 0.7291666666666665 0.703983554071801 0.7721354166666669 0.6531544165936927 0.7721354166666669
1 0.651460112011089 0.6953124999999999 0.7022892494891975 0.6953124999999999 0.7022892494891975 0.7382812500000001 0.651460112011089 0.7382812500000001
0 0.6523072643023908 0.6666666666666665 0.7031364017804992 0.6666666666666665 0.7031364017804992 0.7096354166666669 0.6523072643023908 0.7096354166666669
0 0.6497658074284854 0.6328124999999999 0.7005949449065939 0.6328124999999999 0.7005949449065939 0.6757812500000003 0.6497658074284854 0.6757812500000003
0 0.6497658074284857 0.6002604166666664 0.7073721632370085 0.6002604166666664 0.7073721632370085 0.6432291666666667 0.6497658074284857 0.6432291666666667
0 0.6565430257588999 0.5690104166666665 0.7073721632370082 0.5690104166666665 0.7073721632370082 0.6119791666666669 0.6565430257588999 0.6119791666666669
0 0.6565430257588999 0.4309895833333332 0.7073721632370082 0.4309895833333332 0.7073721632370082 0.4739583333333336 0.6565430257588999 0.4739583333333336
0 0.6556958734675982 0.5312499999999999 0.7065250109457066 0.5312499999999999 0.7065250109457066 0.5742187500000003 0.6556958734675982 0.5742187500000003
0 0.6540015688849945 0.49218749999999983 0.7048307063631029 0.49218749999999983 0.7048307063631029 0.5351562500000002 0.6540015688849945 0.5351562500000002
0 0.6540015688849945 0.4622395833333332 0.7048307063631029 0.4622395833333332 0.7048307063631029 0.5052083333333336 0.6540015688849945 0.5052083333333336
0 0.6573901780502017 0.39062499999999983 0.7082193155283102 0.39062499999999983 0.7082193155283102 0.4335937500000002 0.6573901780502017 0.4335937500000002
0 0.6573901780502015 0.36328124999999983 0.7082193155283099 0.36328124999999983 0.7082193155283099 0.4062500000000002 0.6573901780502015 0.4062500000000002
0 0.6573901780502015 0.3294270833333332 0.7082193155283099 0.3294270833333332 0.7082193155283099 0.3723958333333336 0.6573901780502015 0.3723958333333336
0 0.6633202440893142 0.2630208333333332 0.7141493815674226 0.2630208333333332 0.7141493815674226 0.30598958333333354 0.6633202440893142 0.30598958333333354
0 0.6590844826328051 0.29687499999999983 0.7099136201109134 0.29687499999999983 0.7099136201109134 0.33984375000000017 0.6590844826328051 0.33984375000000017
0 0.6607787872154088 0.2291666666666665 0.7116079246935173 0.2291666666666665 0.7116079246935173 0.27213541666666685 0.6607787872154088 0.27213541666666685
0 0.6616259395067106 0.19531249999999983 0.7124550769848189 0.19531249999999983 0.7124550769848189 0.2382812500000002 0.6616259395067106 0.2382812500000002
0 0.664167396380616 0.16015624999999986 0.7149965338587244 0.16015624999999986 0.7149965338587244 0.20312500000000022 0.664167396380616 0.20312500000000022
0 0.659084482632805 0.1223958333333332 0.7158436861500261 0.1223958333333332 0.7158436861500261 0.16536458333333354 0.659084482632805 0.16536458333333354
0 0.7556598438412113 0.23567708333333318 0.8124190473584324 0.23567708333333318 0.8124190473584324 0.27864583333333354 0.7556598438412113 0.27864583333333354
0 0.7548126915499096 0.26953124999999983 0.8115718950671308 0.26953124999999983 0.8115718950671308 0.31250000000000017 0.7548126915499096 0.31250000000000017
0 0.757354148423815 0.30078124999999983 0.8141133519410362 0.30078124999999983 0.8141133519410362 0.34375000000000017 0.757354148423815 0.34375000000000017
0 0.7556598438412113 0.3684895833333332 0.8124190473584324 0.3684895833333332 0.8124190473584324 0.41145833333333354 0.7556598438412113 0.41145833333333354
0 0.7556598438412113 0.33593749999999983 0.8124190473584324 0.33593749999999983 0.8124190473584324 0.37890625000000017 0.7556598438412113 0.37890625000000017
0 0.7590484530064185 0.4348958333333332 0.8158076565236397 0.4348958333333332 0.8158076565236397 0.47786458333333354 0.7590484530064185 0.47786458333333354
0 0.7582013007151167 0.3997395833333332 0.8149605042323379 0.3997395833333332 0.8149605042323379 0.44270833333333354 0.7582013007151167 0.44270833333333354
0 0.7556598438412113 0.46874999999999983 0.8124190473584324 0.46874999999999983 0.8124190473584324 0.5117187500000001 0.7556598438412113 0.5117187500000001
0 0.7522712346760041 0.5013020833333331 0.8090304381932253 0.5013020833333331 0.8090304381932253 0.5442708333333335 0.7522712346760041 0.5442708333333335
0 0.7514240823847023 0.5351562499999999 0.8081832859019235 0.5351562499999999 0.8081832859019235 0.5781250000000002 0.7514240823847023 0.5781250000000002
0 0.7531183869673057 0.5703124999999999 0.8098775904845268 0.5703124999999999 0.8098775904845268 0.6132812500000002 0.7531183869673057 0.6132812500000002
0 0.7531183869673057 0.6015624999999999 0.8098775904845268 0.6015624999999999 0.8098775904845268 0.6445312500000002 0.7531183869673057 0.6445312500000002
0 0.7497297778020983 0.6380208333333331 0.8064889813193195 0.6380208333333331 0.8064889813193195 0.6809895833333335 0.7497297778020983 0.6809895833333335
0 0.7497297778020983 0.6718749999999999 0.8064889813193195 0.6718749999999999 0.8064889813193195 0.7148437500000003 0.7497297778020983 0.7148437500000003
0 0.7497297778020983 0.7057291666666665 0.8064889813193195 0.7057291666666665 0.8064889813193195 0.7486979166666669 0.7497297778020983 0.7486979166666669
0 0.7514240823847018 0.7395833333333331 0.808183285901923 0.7395833333333331 0.808183285901923 0.7825520833333335 0.7514240823847018 0.7825520833333335
0 0.8022532198628105 0.7408854166666665 0.8590124233800316 0.7408854166666665 0.8590124233800316 0.7838541666666669 0.8022532198628105 0.7838541666666669
0 0.8047946767367161 0.7057291666666665 0.8615538802539373 0.7057291666666665 0.8615538802539373 0.7486979166666669 0.8047946767367161 0.7486979166666669
0 0.8081832859019233 0.6666666666666665 0.8649424894191445 0.6666666666666665 0.8649424894191445 0.7096354166666669 0.8081832859019233 0.7096354166666669
0 0.8047946767367161 0.6341145833333331 0.8615538802539373 0.6341145833333331 0.8615538802539373 0.6770833333333335 0.8047946767367161 0.6770833333333335
0 0.8047946767367161 0.6041666666666665 0.8615538802539373 0.6041666666666665 0.8615538802539373 0.6471354166666667 0.8047946767367161 0.6471354166666667
0 0.8073361336106217 0.5651041666666665 0.8640953371278429 0.5651041666666665 0.8640953371278429 0.6080729166666667 0.8073361336106217 0.6080729166666667
0 0.8056418290280181 0.5312499999999999 0.8624010325452391 0.5312499999999999 0.8624010325452391 0.5742187500000002 0.8056418290280181 0.5742187500000002
0 0.801406067571509 0.49609374999999983 0.8581652710887302 0.49609374999999983 0.8581652710887302 0.5390625000000001 0.801406067571509 0.5390625000000001
0 0.8056418290280181 0.45703124999999983 0.8624010325452391 0.45703124999999983 0.8624010325452391 0.5000000000000001 0.8056418290280181 0.5000000000000001
0 0.8056418290280181 0.42968749999999983 0.8624010325452391 0.42968749999999983 0.8624010325452391 0.47265625000000017 0.8056418290280181 0.47265625000000017
0 0.8081832859019236 0.31249999999999983 0.8649424894191448 0.31249999999999983 0.8649424894191448 0.35546875000000017 0.8081832859019236 0.35546875000000017
0 0.8056418290280181 0.39453124999999983 0.8624010325452391 0.39453124999999983 0.8624010325452391 0.43750000000000017 0.8056418290280181 0.43750000000000017
0 0.8081832859019236 0.35026041666666646 0.8649424894191448 0.35026041666666646 0.8649424894191448 0.3932291666666668 0.8081832859019236 0.3932291666666668
0 0.9115358654407444 0.36197916666666646 0.9682950689579655 0.36197916666666646 0.9682950689579655 0.4049479166666668 0.9115358654407444 0.4049479166666668
0 0.9149244746059517 0.32812499999999983 0.9716836781231728 0.32812499999999983 0.9716836781231728 0.37109375000000017 0.9149244746059517 0.37109375000000017
0 0.9115358654407444 0.39453124999999983 0.9682950689579655 0.39453124999999983 0.9682950689579655 0.43750000000000017 0.9115358654407444 0.43750000000000017
0 0.9106887131494426 0.43359374999999983 0.9674479166666636 0.43359374999999983 0.9674479166666636 0.47656250000000017 0.9106887131494426 0.47656250000000017
0 0.9106887131494426 0.4661458333333332 0.9674479166666636 0.4661458333333332 0.9674479166666636 0.5091145833333335 0.9106887131494426 0.5091145833333335
0 0.9106887131494426 0.5013020833333331 0.9674479166666636 0.5013020833333331 0.9674479166666636 0.5442708333333335 0.9106887131494426 0.5442708333333335
0 0.908994408566839 0.5351562499999999 0.9657536120840601 0.5351562499999999 0.9657536120840601 0.5781250000000002 0.908994408566839 0.5781250000000002
0 0.9064529516929335 0.6354166666666665 0.9632121552101547 0.6354166666666665 0.9632121552101547 0.6783854166666667 0.9064529516929335 0.6783854166666667
0 0.9132301700233479 0.5703124999999999 0.969989373540569 0.5703124999999999 0.969989373540569 0.6132812500000002 0.9132301700233479 0.6132812500000002
0 0.9039114948190281 0.6705729166666665 0.9606706983362492 0.6705729166666665 0.9606706983362492 0.7135416666666669 0.9039114948190281 0.7135416666666669
0 0.9013700379451225 0.7708333333333331 0.9581292414623436 0.7708333333333331 0.9581292414623436 0.8138020833333335 0.9013700379451225 0.8138020833333335
0 0.900522885653821 0.7044270833333331 0.9572820891710421 0.7044270833333331 0.9572820891710421 0.7473958333333335 0.900522885653821 0.7473958333333335
0 0.8979814287799154 0.8424479166666665 0.9547406322971365 0.8424479166666665 0.9547406322971365 0.8854166666666669 0.8979814287799154 0.8854166666666669
0 0.9013700379451225 0.8098958333333331 0.9581292414623436 0.8098958333333331 0.9581292414623436 0.8528645833333335 0.9013700379451225 0.8528645833333335
0 0.5193043545680066 0.8463541666666684 0.5557319030939843 0.8463541666666684 0.5557319030939843 0.9388020833333351 0.5193043545680066 0.9388020833333351
0 0.5692863397548134 0.8463541666666684 0.6057138882807911 0.8463541666666684 0.6057138882807911 0.9388020833333351 0.5692863397548134 0.9388020833333351
0 0.5430246187244573 0.8450520833333351 0.579452167250435 0.8450520833333351 0.579452167250435 0.9375000000000019 0.5430246187244573 0.9375000000000019
0 0.5963952130764709 0.8489583333333361 0.6251983909807328 0.8489583333333361 0.6251983909807328 0.9414062500000031 0.5963952130764709 0.9414062500000031
0 0.6175740203590165 0.8502604166666684 0.6540015688849944 0.8502604166666684 0.6540015688849944 0.9427083333333351 0.6175740203590165 0.9427083333333351
0 0.6421414368067688 0.8502604166666692 0.6751803761675392 0.8502604166666692 0.6751803761675392 0.9427083333333359 0.6421414368067688 0.9427083333333359
0 0.6675560055458231 0.8541666666666695 0.6921234219935756 0.8541666666666695 0.6921234219935756 0.9466145833333361 0.6675560055458231 0.9466145833333361
0 0.6870405082457647 0.8515625000000031 0.7149965338587244 0.8515625000000031 0.7149965338587244 0.94401041666667 0.6870405082457647 0.94401041666667
0 0.7107607724022154 0.8502604166666697 0.7387167980151751 0.8502604166666697 0.7387167980151751 0.9427083333333365 0.7107607724022154 0.9427083333333365
0 0.7319395796847608 0.8528645833333361 0.7598956052977205 0.8528645833333361 0.7598956052977205 0.9453125000000031 0.7319395796847608 0.9453125000000031
0 0.7548126915499096 0.8541666666666697 0.7827687171628693 0.8541666666666697 0.7827687171628693 0.9466145833333365 0.7548126915499096 0.9466145833333365
0 0.7734500419585494 0.8567708333333361 0.8014060675715091 0.8567708333333361 0.8014060675715091 0.9492187500000031 0.7734500419585494 0.9492187500000031
0 0.7971703061150001 0.8567708333333361 0.8251263317279598 0.8567708333333361 0.8251263317279598 0.9492187500000031 0.7971703061150001 0.9492187500000031
0 0.8175019611062436 0.8580729166666697 0.8454579867192034 0.8580729166666697 0.8454579867192034 0.9505208333333365 0.8175019611062436 0.9505208333333365
0 0.8412222252626943 0.8580729166666697 0.869178250875654 0.8580729166666697 0.869178250875654 0.9505208333333365 0.8412222252626943 0.9505208333333365
0 0.8640953371278431 0.8580729166666697 0.8920513627408028 0.8580729166666697 0.8920513627408028 0.9505208333333365 0.8640953371278431 0.9505208333333365
0 0.4964312427028579 0.8502604166666697 0.5243872683158176 0.8502604166666697 0.5243872683158176 0.9427083333333365 0.4964312427028579 0.9427083333333365
0 0.47355813083770887 0.8463541666666697 0.5015141564506687 0.8463541666666697 0.5015141564506687 0.9388020833333365 0.47355813083770887 0.9388020833333365
0 0.45068501897256 0.8463541666666697 0.47864104458551976 0.8463541666666697 0.47864104458551976 0.9388020833333365 0.45068501897256 0.9388020833333365
0 0.39646727232924417 0.8489583333333361 0.42865905939871274 0.8489583333333361 0.42865905939871274 0.9414062500000031 0.39646727232924417 0.9414062500000031
0 0.42357614565090207 0.8502604166666697 0.4557679327203707 0.8502604166666697 0.4557679327203707 0.9427083333333367 0.42357614565090207 0.9427083333333367
0 0.25753429655574733 0.8411458333333361 0.2897260836252159 0.8411458333333361 0.2897260836252159 0.9335937500000031 0.25753429655574733 0.9335937500000031
0 0.281254560712198 0.8424479166666697 0.31344634778166663 0.8424479166666697 0.31344634778166663 0.9348958333333367 0.281254560712198 0.9348958333333367
0 0.23296688010799482 0.8385416666666697 0.2651586671774634 0.8385416666666697 0.2651586671774634 0.9309895833333367 0.23296688010799482 0.9309895833333367
0 0.2083994636602423 0.8385416666666697 0.24059125072971094 0.8385416666666697 0.24059125072971094 0.9309895833333367 0.2083994636602423 0.9309895833333367
0 0.18637350408639525 0.8372395833333361 0.21856529115586384 0.8372395833333361 0.21856529115586384 0.9296875000000031 0.18637350408639525 0.9296875000000031
0 0.16265323992994457 0.8372395833333361 0.19484502699941317 0.8372395833333361 0.19484502699941317 0.9296875000000031 0.16265323992994457 0.9296875000000031
0 0.111824102451836 0.8307291666666697 0.1440158895213046 0.8307291666666697 0.1440158895213046 0.9231770833333367 0.111824102451836 0.9231770833333367
0 0.13639151889958848 0.8333333333333361 0.16858330596905707 0.8333333333333361 0.16858330596905707 0.9257812500000031 0.13639151889958848 0.9257812500000031
0 0.08979814287798896 0.8333333333333361 0.12198992994745755 0.8333333333333361 0.12198992994745755 0.9257812500000031 0.08979814287798896 0.9257812500000031
0 0.2753244946730853 0.21354166666666963 0.30751628174255385 0.21354166666666963 0.30751628174255385 0.3059895833333365 0.2753244946730853 0.3059895833333365
0 0.29819760653823413 0.21223958333333626 0.33038939360770275 0.21223958333333626 0.33038939360770275 0.3046875000000031 0.29819760653823413 0.3046875000000031
0 0.3236121752772884 0.21223958333333626 0.35580396234675704 0.21223958333333626 0.35580396234675704 0.3046875000000031 0.3236121752772884 0.3046875000000031
0 0.3490267440163427 0.21093750000000291 0.38121853108581133 0.21093750000000291 0.38121853108581133 0.30338541666666974 0.3490267440163427 0.30338541666666974
0 0.39307866316403683 0.21614583333333626 0.42527045023350546 0.21614583333333626 0.42527045023350546 0.3085937500000031 0.39307866316403683 0.3085937500000031
0 0.3710527035901897 0.21223958333333623 0.40070303378575284 0.21223958333333623 0.40070303378575284 0.30468750000000305 0.3710527035901897 0.30468750000000305
0 0.41425747044658207 0.21614583333333626 0.44644925751605063 0.21614583333333626 0.44644925751605063 0.3085937500000031 0.41425747044658207 0.3085937500000031
0 0.43797773460303274 0.21614583333333626 0.47016952167250137 0.21614583333333626 0.47016952167250137 0.3085937500000031 0.43797773460303274 0.3085937500000031
0 0.8513880527583159 0.2291666666666696 0.8835798398277844 0.2291666666666696 0.8835798398277844 0.3216145833333364 0.8513880527583159 0.3216145833333364
0 0.8776497737886718 0.23437500000000291 0.9064529516929329 0.23437500000000291 0.9064529516929329 0.32682291666666974 0.8776497737886718 0.32682291666666974
0 0.8979814287799149 0.23567708333333623 0.9301732158493836 0.23567708333333623 0.9301732158493836 0.328125000000003 0.8979814287799149 0.328125000000003
0 0.9064529516929284 0.1601562500000028 0.9649064597927534 0.1601562500000028 0.9649064597927534 0.21093750000000283 0.9064529516929284 0.21093750000000283
