1 0.15045185540626993 0.401692708333333 0.12096129238643645 0.1783854166666662
0 0.24542146513115795 0.4108072916666663 0.12096129238643645 0.1783854166666662
1 0.31339971209213047 0.4147135416666663 0.12096129238643645 0.1783854166666662
1 0.37837891874600127 0.4225260416666663 0.12096129238643645 0.1783854166666662
1 0.44335812539987196 0.42773437499999956 0.12096129238643645 0.1783854166666662
1 0.5033389315419066 0.429036458333333 0.12096129238643645 0.1783854166666662
1 0.5683181381957774 0.43164062499999956 0.12096129238643645 0.1783854166666662
1 0.6322976647472809 0.4381510416666663 0.12096129238643645 0.1783854166666662
1 0.69427783109405 0.4459635416666663 0.12096129238643645 0.1783854166666662
1 0.17644353806781823 0.5683593749999996 0.12096129238643645 0.1783854166666662
0 0.2824096289187461 0.5703124999999997 0.12096129238643644 0.169270833333333
0 0.3473888355726167 0.5761718749999994 0.1209612923864364 0.16276041666666616
1 0.40936900191938574 0.5852864583333327 0.1209612923864364 0.16276041666666616
1 0.4753478886756238 0.5865885416666661 0.1209612923864364 0.16276041666666616
1 0.5333293346129239 0.6009114583333327 0.1209612923864364 0.16276041666666616
1 0.6013075815738965 0.6002604166666661 0.12096129238643644 0.17187499999999925
1 0.6662867882277673 0.6041666666666659 0.12695937300063967 0.17187499999999914
1 0.7282669545745365 0.6106770833333325 0.12695937300063967 0.17187499999999914
1 0.7902471209213056 0.6132812499999991 0.12695937300063967 0.17187499999999914
0 0.07597568777991066 0.835937499999997 0.12396033269353786 0.16927083333333162
1 0.14045505438259778 0.8372395833333293 0.10896513115802922 0.16927083333333148
1 0.1934380998080616 0.843749999999996 0.10896513115802922 0.16927083333333148
1 0.2574176263595651 0.8541666666666626 0.10896513115802922 0.16927083333333148
0 0.3084013115802945 0.851562499999996 0.10896513115802922 0.16927083333333148
0 0.372380838131798 0.859374999999996 0.10896513115802922 0.16927083333333148
1 0.4313619641714653 0.8684895833333295 0.10896513115802922 0.16927083333333148
1 0.4833453294945619 0.867187499999996 0.10896513115802922 0.16927083333333148
1 0.5453254958413308 0.867187499999996 0.10896513115802922 0.16927083333333148
1 0.599308221369162 0.8684895833333295 0.10896513115802922 0.16927083333333148
0 0.6572896673064621 0.874999999999996 0.10896513115802922 0.16927083333333148
1 0.7122720729366604 0.8880208333333295 0.10896513115802922 0.16927083333333148
1 0.7122720729366604 0.8880208333333295 0.10896513115802922 0.16927083333333148
1 0.772252879078695 0.8919270833333295 0.10896513115802922 0.16927083333333148
1 0.8272352847088935 0.8932291666666627 0.10896513115802922 0.16927083333333148
1 0.8862164107485607 0.8958333333333295 0.10896513115802922 0.16927083333333148
0 0.1284588931541909 0.12630208333332946 0.10896513115802922 0.16927083333333148
0 0.19243841970569442 0.12760416666666277 0.10896513115802922 0.16927083333333148
1 0.26041666666666685 0.14062499999999611 0.10896513115802922 0.16927083333333148
1 0.3283949136276394 0.15104166666666277 0.10896513115802922 0.16927083333333148
0 0.3843769993602049 0.14843749999999611 0.10896513115802922 0.16927083333333148
1 0.510336692258477 0.15820312499999611 0.10896513115802914 0.17317708333333143
1 0.44935620601407567 0.14973958333332946 0.10896513115802922 0.16927083333333148
1 0.5683181381957771 0.16341145833332946 0.10896513115802914 0.1731770833333314
0 0.6402951055662185 0.1660156249999961 0.10896513115802914 0.1731770833333314
1 0.6982765515035186 0.17643229166666274 0.10896513115802914 0.1731770833333314
0 0.7632557581573894 0.17903645833332946 0.10896513115802914 0.1731770833333314
0 0.8912148112603966 0.1816406249999961 0.10896513115802914 0.1731770833333314
1 0.8252359245041585 0.18033854166666274 0.10896513115802914 0.1731770833333314
