0 0.1867882680084746 0.29296874999999994 0.2734512932556497 0.29296874999999994 0.2734512932556497 0.36197916666666663 0.1867882680084746 0.36197916666666663
0 0.26756157309322054 0.2942708333333333 0.34328654661016955 0.2942708333333333 0.34328654661016955 0.3632812500000001 0.26756157309322054 0.3632812500000001
0 0.42742540607344653 0.3033854166666667 0.5031503795903955 0.3033854166666667 0.5031503795903955 0.3723958333333335 0.42742540607344653 0.3723958333333335
0 0.6739522643008476 0.31770833333333337 0.7496772378177967 0.31770833333333337 0.7496772378177967 0.38671875000000017 0.6739522643008476 0.38671875000000017
0 0.7463116834392657 0.31770833333333337 0.8220366569562148 0.31770833333333337 0.8220366569562148 0.38671875000000017 0.7463116834392657 0.38671875000000017
0 0.5023089909957626 0.3776041666666665 0.5780339645127116 0.3776041666666665 0.5780339645127116 0.46093750000000017 0.5023089909957626 0.46093750000000017
1 0.4981020480225988 0.44140624999999983 0.5738270215395478 0.44140624999999983 0.5738270215395478 0.5247395833333336 0.4981020480225988 0.5247395833333336
0 0.49894343661723145 0.5065104166666669 0.5746684101341805 0.5065104166666669 0.5746684101341805 0.5781250000000003 0.49894343661723145 0.5781250000000003
0 0.4955778822387005 0.5651041666666669 0.5713028557556495 0.5651041666666669 0.5713028557556495 0.6367187500000003 0.4955778822387005 0.6367187500000003
0 0.49641927083333326 0.6171875000000002 0.5721442443502823 0.6171875000000002 0.5721442443502823 0.6888020833333337 0.49641927083333326 0.6888020833333337
0 0.49221232786016916 0.6757812500000003 0.5679373013771182 0.6757812500000003 0.5679373013771182 0.7539062500000007 0.49221232786016916 0.7539062500000007
0 0.4249012402895478 0.736979166666667 0.5006262138064967 0.736979166666667 0.5006262138064967 0.8151041666666673 0.4249012402895478 0.8151041666666673
1 0.4265840174788133 0.674479166666667 0.5023089909957623 0.674479166666667 0.5023089909957623 0.7526041666666673 0.4265840174788133 0.7526041666666673
0 0.4282667946680789 0.6119791666666671 0.5039917681850279 0.6119791666666671 0.5039917681850279 0.6901041666666673 0.4282667946680789 0.6901041666666673
0 0.4265840174788133 0.5585937500000007 0.5023089909957623 0.5585937500000007 0.5023089909957623 0.6302083333333341 0.4265840174788133 0.6302083333333341
0 0.4257426288841803 0.502604166666667 0.5014676024011293 0.502604166666667 0.5014676024011293 0.5729166666666673 0.4257426288841803 0.5729166666666673
0 0.4249012402895475 0.43880208333333365 0.5006262138064965 0.43880208333333365 0.5006262138064965 0.509114583333334 0.4249012402895475 0.509114583333334
0 0.4299495718573441 0.37630208333333365 0.5056745453742931 0.37630208333333365 0.5056745453742931 0.446614583333334 0.4299495718573441 0.446614583333334
0 0.25830629855225934 0.36718750000000033 0.33403127206920835 0.36718750000000033 0.33403127206920835 0.43750000000000067 0.25830629855225934 0.43750000000000067
0 0.255782132768361 0.4309895833333329 0.35085904396186374 0.4309895833333329 0.35085904396186374 0.5013020833333333 0.255782132768361 0.5013020833333333
0 0.25241657838982984 0.49088541666666596 0.33655543785310665 0.49088541666666596 0.33655543785310665 0.5611979166666662 0.25241657838982984 0.5611979166666662
0 0.2507338012005643 0.5481770833333326 0.3348726606638412 0.5481770833333326 0.3348726606638412 0.6184895833333328 0.2507338012005643 0.6184895833333328
0 0.24989241260593154 0.604166666666666 0.33403127206920835 0.604166666666666 0.33403127206920835 0.6744791666666662 0.24989241260593154 0.6744791666666662
0 0.25325796698446246 0.6679687499999989 0.3373968264477392 0.6679687499999989 0.3373968264477392 0.7473958333333329 0.25325796698446246 0.7473958333333329
1 0.2498924126059314 0.7213541666666656 0.33403127206920824 0.7213541666666656 0.33403127206920824 0.8007812499999997 0.2498924126059314 0.8007812499999997
0 0.17669160487288052 0.7239583333333325 0.2608304643361573 0.7239583333333325 0.2608304643361573 0.8033854166666665 0.17669160487288052 0.8033854166666665
0 0.17837438206214606 0.6614583333333325 0.2625132415254229 0.6614583333333325 0.2625132415254229 0.7408854166666665 0.17837438206214606 0.7408854166666665
0 0.17753299346751328 0.6041666666666659 0.2616718529307901 0.6041666666666659 0.2616718529307901 0.6835937499999999 0.17753299346751328 0.6835937499999999
0 0.18005715925141155 0.5481770833333325 0.2641960187146884 0.5481770833333325 0.2641960187146884 0.6276041666666665 0.18005715925141155 0.6276041666666665
0 0.17500882768361495 0.49869791666666585 0.2591476871468918 0.49869791666666585 0.2591476871468918 0.5781249999999999 0.17500882768361495 0.5781249999999999
0 0.18089854784604434 0.4296874999999993 0.2650374073093212 0.4296874999999993 0.2650374073093212 0.5091145833333333 0.18089854784604434 0.5091145833333333
0 0.18089854784604434 0.3671874999999992 0.2650374073093212 0.3671874999999992 0.2650374073093212 0.4466145833333333 0.18089854784604434 0.4466145833333333
0 0.017669160487287276 0.1940104166666658 0.10769774011299346 0.1940104166666658 0.10769774011299346 0.27343749999999983 0.017669160487287276 0.27343749999999983
0 0.010096663135592356 0.2903645833333325 0.10012524276129846 0.2903645833333325 0.10012524276129846 0.36848958333333304 0.010096663135592356 0.36848958333333304
0 0.010938051730225122 0.3580729166666658 0.10096663135593127 0.3580729166666658 0.10096663135593127 0.4296874999999999 0.010938051730225122 0.4296874999999999
0 0.008413885946326822 0.4101562499999992 0.09844246557203297 0.4101562499999992 0.09844246557203297 0.4817708333333333 0.008413885946326822 0.4817708333333333
0 0.00673110875706128 0.4622395833333325 0.09675968838276737 0.4622395833333325 0.09675968838276737 0.5234374999999999 0.00673110875706128 0.5234374999999999
1 0.668062544138418 0.7473958333333338 0.7437875176553671 0.7473958333333338 0.7437875176553671 0.8333333333333338 0.668062544138418 0.8333333333333338
0 0.6697453213276838 0.6223958333333339 0.7454702948446328 0.6223958333333339 0.7454702948446328 0.6966145833333339 0.6697453213276838 0.6966145833333339
0 0.668062544138418 0.6796875000000004 0.7437875176553671 0.6796875000000004 0.7437875176553671 0.7656250000000003 0.668062544138418 0.7656250000000003
0 0.6697453213276838 0.5703125000000006 0.7454702948446328 0.5703125000000006 0.7454702948446328 0.6445312500000006 0.6697453213276838 0.6445312500000006
0 0.66553837835452 0.5143229166666673 0.741263351871469 0.5143229166666673 0.741263351871469 0.5885416666666673 0.66553837835452 0.5885416666666673
0 0.6646969897598871 0.450520833333334 0.7404219632768362 0.450520833333334 0.7404219632768362 0.5247395833333339 0.6646969897598871 0.5247395833333339
0 0.6672211555437855 0.39453125000000067 0.7429461290607345 0.39453125000000067 0.7429461290607345 0.46875000000000067 0.6672211555437855 0.46875000000000067
0 0.7362150203036724 0.3932291666666674 0.8287677657132767 0.3932291666666674 0.8287677657132767 0.46744791666666735 0.7362150203036724 0.46744791666666735
0 0.7378977974929374 0.454427083333334 0.8178297139830506 0.454427083333334 0.8178297139830506 0.5286458333333338 0.7378977974929374 0.5286458333333338
0 0.733690854519774 0.5156250000000008 0.8371816516596041 0.5156250000000008 0.8371816516596041 0.5898437500000007 0.733690854519774 0.5898437500000007
0 0.7345322431144068 0.5690104166666675 0.8237194341454799 0.5690104166666675 0.8237194341454799 0.6432291666666674 0.7345322431144068 0.6432291666666674
0 0.7378977974929374 0.6276041666666686 0.8211952683615815 0.6276041666666686 0.8211952683615815 0.7018229166666685 0.7378977974929374 0.7018229166666685
0 0.7387391860875705 0.6875000000000003 0.8203538797669488 0.6875000000000003 0.8203538797669488 0.7617187500000003 0.7387391860875705 0.7617187500000003
0 0.7345322431144061 0.7500000000000004 0.8161469367937845 0.7500000000000004 0.8161469367937845 0.8333333333333336 0.7345322431144061 0.8333333333333336
0 0.9103824593926546 0.7604166666666672 0.991997153072033 0.7604166666666672 0.991997153072033 0.8437500000000002 0.9103824593926546 0.8437500000000002
0 0.9061755164194908 0.6953125000000004 0.9877902100988691 0.6953125000000004 0.9877902100988691 0.7786458333333336 0.9061755164194908 0.7786458333333336
0 0.9053341278248578 0.6028645833333338 0.9869488215042361 0.6028645833333338 0.9869488215042361 0.6822916666666667 0.9053341278248578 0.6822916666666667
0 0.8986030190677955 0.49739583333333387 0.9802177127471738 0.49739583333333387 0.9802177127471738 0.5768229166666667 0.8986030190677955 0.5768229166666667
0 0.9028099620409591 0.4440104166666672 0.9844246557203373 0.4440104166666672 0.9844246557203373 0.5182291666666669 0.9028099620409591 0.5182291666666669
0 0.9044927392302244 0.39062500000000056 0.9861074329096027 0.39062500000000056 0.9861074329096027 0.4648437500000003 0.9044927392302244 0.4648437500000003
0 0.904492739230225 0.29036458333333415 0.9861074329096032 0.29036458333333415 0.9861074329096032 0.35026041666666724 0.904492739230225 0.35026041666666724
0 0.9019685734463262 0.33984375000000067 0.9835832671257043 0.33984375000000067 0.9835832671257043 0.4088541666666671 0.9019685734463262 0.4088541666666671
0 0.909541070798021 0.23697916666666743 0.9911557644773993 0.23697916666666743 0.9911557644773993 0.30598958333333387 0.909541070798021 0.30598958333333387
0 0.01682777189265422 0.5130208333333341 0.09844246557203254 0.5130208333333341 0.09844246557203254 0.5729166666666673 0.01682777189265422 0.5729166666666673
0 0.013462217514123145 0.563802083333334 0.09507691119350146 0.563802083333334 0.09507691119350146 0.6276041666666673 0.013462217514123145 0.6276041666666673
0 0.01093805173022484 0.6171875000000008 0.09255274540960315 0.6171875000000008 0.09255274540960315 0.680989583333334 0.01093805173022484 0.680989583333334
0 0.01093805173022484 0.6731770833333341 0.09255274540960315 0.6731770833333341 0.09255274540960315 0.7369791666666674 0.01093805173022484 0.7369791666666674
0 0.01430360610875591 0.7812500000000007 0.09591829978813422 0.7812500000000007 0.09591829978813422 0.8450520833333339 0.01430360610875591 0.8450520833333339
0 0.010096663135592073 0.7291666666666674 0.09171135681497039 0.7291666666666674 0.09171135681497039 0.7929687500000008 0.010096663135592073 0.7929687500000008
0 0.19267798817090254 0.07942708333333412 0.23811297228107187 0.07942708333333412 0.23811297228107187 0.19531250000000067 0.19267798817090254 0.19531250000000067
0 0.2296990863347443 0.07552083333333412 0.2751340704449136 0.07552083333333412 0.2751340704449136 0.19140625000000067 0.2296990863347443 0.19140625000000067
0 0.26083046433615675 0.07812500000000078 0.306265448446326 0.07812500000000078 0.306265448446326 0.19401041666666735 0.26083046433615675 0.19401041666666735
0 0.29448600812146747 0.0794270833333341 0.33992099223163674 0.0794270833333341 0.33992099223163674 0.19531250000000067 0.29448600812146747 0.19531250000000067
0 0.3340312720692074 0.07031250000000075 0.3794662561793767 0.07031250000000075 0.3794662561793767 0.19921875000000072 0.3340312720692074 0.19921875000000072
0 0.36852820444915113 0.08463541666666745 0.40975624558615653 0.08463541666666745 0.40975624558615653 0.20052083333333398 0.36852820444915113 0.20052083333333398
0 0.4047079140183602 0.08723958333333412 0.4459359551553656 0.08723958333333412 0.4459359551553656 0.20312500000000067 0.4047079140183602 0.20312500000000067
0 0.4375220692090382 0.09114583333333412 0.4787501103460436 0.09114583333333412 0.4787501103460436 0.20703125000000067 0.4375220692090382 0.20703125000000067
0 0.4871639962923716 0.09244791666666745 0.528392037429377 0.09244791666666745 0.528392037429377 0.20833333333333398 0.4871639962923716 0.20833333333333398
0 0.5191367628884168 0.09505208333333412 0.5603648040254223 0.09505208333333412 0.5603648040254223 0.21093750000000067 0.5191367628884168 0.21093750000000067
0 0.5527923066737276 0.09375000000000078 0.5940203478107331 0.09375000000000078 0.5940203478107331 0.2096354166666673 0.5527923066737276 0.2096354166666673
0 0.5864478504590384 0.10156250000000078 0.6276758915960439 0.10156250000000078 0.6276758915960439 0.2174479166666673 0.5864478504590384 0.2174479166666673
0 0.6209447828389819 0.10156250000000078 0.6621728239759874 0.10156250000000078 0.6621728239759874 0.2174479166666673 0.6209447828389819 0.2174479166666673
0 0.6546003266242928 0.10286458333333412 0.6958283677612982 0.10286458333333412 0.6958283677612982 0.21875000000000067 0.6546003266242928 0.21875000000000067
1 0.6874144818149704 0.10416666666666745 0.728642522951976 0.10416666666666745 0.728642522951976 0.22005208333333395 0.6874144818149704 0.22005208333333395
0 0.7202286370056485 0.10546875000000082 0.7656636211158176 0.10546875000000082 0.7656636211158176 0.22135416666666735 0.7202286370056485 0.22135416666666735
0 0.7589325123587559 0.10286458333333409 0.7993191649011284 0.10286458333333409 0.7993191649011284 0.21875000000000067 0.7589325123587559 0.21875000000000067
0 0.7900638903601682 0.10677083333333412 0.832974708686439 0.10677083333333412 0.832974708686439 0.22265625000000067 0.7900638903601682 0.22265625000000067
0 0.8245608227401118 0.10677083333333412 0.8674716410663825 0.10677083333333412 0.8674716410663825 0.22265625000000067 0.8245608227401118 0.22265625000000067
0 0.8657888638771175 0.10416666666666745 0.9086996822033884 0.10416666666666745 0.9086996822033884 0.22005208333333395 0.8657888638771175 0.22005208333333395
1 0.01262082891949038 0.8320312500000007 0.09423552259886867 0.8320312500000007 0.09423552259886867 0.9062500000000008 0.01262082891949038 0.9062500000000008
