1 0.2637378589527025 0.08984375 0.3303002709740988 0.08984375 0.3303002709740988 0.20703124999999992 0.2637378589527025 0.20703124999999992
0 0.34913868947072074 0.11979166666666667 0.4081657340934684 0.11979166666666667 0.4081657340934684 0.2369791666666666 0.34913868947072074 0.2369791666666666
0 0.4144452069256757 0.15625000000000003 0.4734722515484234 0.15625000000000003 0.4734722515484234 0.27343749999999994 0.4144452069256757 0.27343749999999994
0 0.521196245073198 0.2135416666666666 0.5827350788288288 0.2135416666666666 0.5827350788288288 0.3346354166666665 0.521196245073198 0.3346354166666665
0 0.6065970755912159 0.25911458333333326 0.6681359093468467 0.25911458333333326 0.6681359093468467 0.3802083333333332 0.6065970755912159 0.3802083333333332
0 0.5601289766328826 0.23958333333333326 0.6216678103885134 0.23958333333333326 0.6216678103885134 0.3606770833333332 0.5601289766328826 0.3606770833333332
0 0.6442739125844592 0.27864583333333326 0.70581274634009 0.27864583333333326 0.70581274634009 0.3997395833333332 0.6442739125844592 0.3997395833333332
0 0.6869743278434683 0.3072916666666666 0.7485131615990991 0.3072916666666666 0.7485131615990991 0.4283854166666665 0.6869743278434683 0.4283854166666665
0 0.7271629539695945 0.3385416666666666 0.7887017877252253 0.3385416666666666 0.7887017877252253 0.4596354166666665 0.7271629539695945 0.4596354166666665
0 0.7698633692286034 0.36458333333333326 0.8314022029842343 0.36458333333333326 0.8314022029842343 0.4856770833333332 0.7698633692286034 0.4856770833333332
0 0.8113078899211711 0.38020833333333326 0.8728467236768019 0.38020833333333326 0.8728467236768019 0.5013020833333331 0.8113078899211711 0.5013020833333331
0 0.8552641997466215 0.4010416666666666 0.9168030335022523 0.4010416666666666 0.9168030335022523 0.5221354166666665 0.8552641997466215 0.5221354166666665
0 0.25117891328828784 0.29687499999999906 0.34537100577139634 0.29687499999999906 0.34537100577139634 0.3802083333333318 0.25117891328828784 0.3802083333333318
0 0.2838321720157652 0.32161458333333265 0.38053605363175635 0.32161458333333265 0.38053605363175635 0.4049479166666654 0.2838321720157652 0.4049479166666654
0 0.35792995143581025 0.3424479166666659 0.42449236345720703 0.3424479166666659 0.42449236345720703 0.42578124999999867 0.35792995143581025 0.42578124999999867
0 0.39560678842905345 0.3645833333333325 0.4772399352477476 0.3645833333333325 0.4772399352477476 0.44791666666666513 0.39560678842905345 0.44791666666666513
0 0.4433307819538283 0.3919270833333328 0.514916772240991 0.3919270833333328 0.514916772240991 0.4752604166666655 0.4433307819538283 0.4752604166666655
0 0.4910547754786031 0.41796874999999933 0.5664084494650892 0.41796874999999933 0.5664084494650892 0.501302083333332 0.4910547754786031 0.501302083333332
0 0.5337551907376119 0.44010416666666585 0.6266913886542788 0.44010416666666585 0.6266913886542788 0.5234374999999986 0.5337551907376119 0.5234374999999986
0 0.5789673951295038 0.4622395833333324 0.6719035930461706 0.4622395833333324 0.6719035930461706 0.5455729166666651 0.5789673951295038 0.5455729166666651
0 0.6216678103885128 0.4882812499999992 0.7146040083051798 0.4882812499999992 0.7146040083051798 0.5716145833333319 0.6216678103885128 0.5716145833333319
0 0.6631123310810804 0.5130208333333325 0.7560485289977473 0.5130208333333325 0.7560485289977473 0.5963541666666652 0.6631123310810804 0.5963541666666652
0 0.6505533854166659 0.7018229166666662 0.7610721072635124 0.7018229166666662 0.7610721072635124 0.7773437499999986 0.6505533854166659 0.7773437499999986
0 0.7070686409065309 0.5364583333333325 0.8000048388231977 0.5364583333333325 0.8000048388231977 0.6197916666666652 0.7070686409065309 0.6197916666666652
0 0.7547926344313056 0.5677083333333325 0.8477288323479725 0.5677083333333325 0.8477288323479725 0.6510416666666652 0.7547926344313056 0.6510416666666652
0 0.5525936092342334 0.6549479166666662 0.6631123310810799 0.6549479166666662 0.6631123310810799 0.7304687499999986 0.5525936092342334 0.7304687499999986
0 0.605341181024774 0.6783854166666662 0.7158599028716205 0.6783854166666662 0.7158599028716205 0.7539062499999986 0.605341181024774 0.7539062499999986
0 0.5111490885416659 0.6302083333333329 0.6216678103885124 0.6302083333333329 0.6216678103885124 0.7057291666666653 0.5111490885416659 0.7057291666666653
0 0.4684486732826569 0.6067708333333329 0.5789673951295032 0.6067708333333329 0.5789673951295032 0.6822916666666653 0.4684486732826569 0.6822916666666653
0 0.4182128906249992 0.5781249999999996 0.5287316124718457 0.5781249999999996 0.5287316124718457 0.653645833333332 0.4182128906249992 0.653645833333332
0 0.37802426449887316 0.5572916666666662 0.4885429863457197 0.5572916666666662 0.4885429863457197 0.6328124999999986 0.37802426449887316 0.6328124999999986
0 0.33783563837274705 0.5312499999999996 0.4483543602195935 0.5312499999999996 0.4483543602195935 0.606770833333332 0.33783563837274705 0.606770833333332
0 0.28634396114864796 0.5039062499999996 0.39686268299549443 0.5039062499999996 0.39686268299549443 0.579427083333332 0.28634396114864796 0.579427083333332
0 0.24489944045608042 0.4843749999999996 0.3554181623029269 0.4843749999999996 0.3554181623029269 0.559895833333332 0.24489944045608042 0.559895833333332
0 0.20596670889639573 0.4583333333333329 0.3164854307432422 0.4583333333333329 0.3164854307432422 0.5338541666666653 0.20596670889639573 0.5338541666666653
0 0.15698682080517953 0.42968749999999956 0.26750554265202603 0.42968749999999956 0.26750554265202603 0.5052083333333319 0.15698682080517953 0.5052083333333319
0 0.6970214843749983 0.8854166666666665 0.772375158361485 0.8854166666666665 0.772375158361485 0.985677083333333 0.6970214843749983 0.985677083333333
0 0.655576963682431 0.8632812500000006 0.7108363246058542 0.8632812500000006 0.7108363246058542 0.963541666666667 0.655576963682431 0.963541666666667
0 0.614132442989863 0.8372395833333335 0.6681359093468452 0.8372395833333335 0.6681359093468452 0.9375 0.614132442989863 0.9375
0 0.5777115005630612 0.8151041666666669 0.6292031777871604 0.8151041666666669 0.6292031777871604 0.9153645833333334 0.5777115005630612 0.9153645833333334
0 0.5400346635698182 0.7929687500000004 0.587758657094593 0.7929687500000004 0.587758657094593 0.8932291666666669 0.5400346635698182 0.8932291666666669
0 0.47975172438062896 0.7643229166666669 0.5438023472691426 0.7643229166666669 0.5438023472691426 0.8645833333333333 0.47975172438062896 0.8645833333333333
1 0.44961025478603295 0.7513020833333335 0.5073814048423406 0.7513020833333335 0.5073814048423406 0.8515624999999999 0.44961025478603295 0.8515624999999999
0 0.4006303666948168 0.7291666666666669 0.46091330588400736 0.7291666666666669 0.46091330588400736 0.8294270833333333 0.4006303666948168 0.8294270833333333
1 0.3152295361767987 0.6783854166666669 0.37551247536598936 0.6783854166666669 0.37551247536598936 0.7786458333333333 0.3152295361767987 0.7786458333333333
0 0.3566740568693663 0.7096354166666669 0.41695699605855696 0.7096354166666669 0.41695699605855696 0.8098958333333333 0.3566740568693663 0.8098958333333333
1 0.21601386542792483 0.6328125000000001 0.2762968046171155 0.6328125000000001 0.2762968046171155 0.7330729166666665 0.21601386542792483 0.7330729166666665
1 0.1934077632319789 0.6106770833333335 0.25369070242116953 0.6106770833333335 0.25369070242116953 0.7109374999999999 0.1934077632319789 0.7109374999999999
1 0.14568376970720412 0.5833333333333335 0.20596670889639473 0.5833333333333335 0.20596670889639473 0.6835937499999999 0.14568376970720412 0.6835937499999999
1 0.06153883375562755 0.5377604166666669 0.12182177294481818 0.5377604166666669 0.12182177294481818 0.6380208333333333 0.06153883375562755 0.6380208333333333
1 0.10549514358107799 0.5585937500000001 0.16577808277026865 0.5585937500000001 0.16577808277026865 0.6588541666666665 0.10549514358107799 0.6588541666666665
1 0.02135020762950142 0.5143229166666669 0.08163314681869205 0.5143229166666669 0.08163314681869205 0.6145833333333333 0.02135020762950142 0.6145833333333333
0 0.7070686409065309 0.5364583333333325 0.8000048388231977 0.5364583333333325 0.8000048388231977 0.6197916666666652 0.7070686409065309 0.6197916666666652
