0 0.06795324628645286 0.050251256281407024 0.11794184125579751 0.050251256281407024 0.11794184125579751 0.3366834170854271 0.06795324628645286 0.3366834170854271
1 0.03202394365223639 0.04773869346733668 0.08201253862158106 0.04773869346733668 0.08201253862158106 0.33417085427135673 0.03202394365223639 0.33417085427135673
0 0.10544469251346132 0.05025125628140704 0.155433287482806 0.05025125628140704 0.155433287482806 0.3366834170854271 0.10544469251346132 0.3366834170854271
0 0.14215506694407382 0.04773869346733668 0.1921436619134185 0.04773869346733668 0.1921436619134185 0.33417085427135673 0.14215506694407382 0.33417085427135673
1 0.17964651317108232 0.04522613065326633 0.22963510814042698 0.04522613065326633 0.22963510814042698 0.33165829145728637 0.17964651317108232 0.33165829145728637
1 0.2163568876016948 0.04773869346733668 0.26634548257103946 0.04773869346733668 0.26634548257103946 0.33417085427135673 0.2163568876016948 0.33417085427135673
1 0.28352906209175166 0.03768844221105527 0.3335176570610964 0.03768844221105527 0.3335176570610964 0.32412060301507534 0.28352906209175166 0.32412060301507534
1 0.32258265191155217 0.035175879396984924 0.3725712468808968 0.035175879396984924 0.3725712468808968 0.321608040201005 0.32258265191155217 0.321608040201005
1 0.3624173135277487 0.035175879396984924 0.4124059084970934 0.035175879396984924 0.4124059084970934 0.321608040201005 0.3624173135277487 0.321608040201005
1 0.40147090334754926 0.02512562814070352 0.45145949831689397 0.02512562814070352 0.45145949831689397 0.31155778894472363 0.40147090334754926 0.31155778894472363
1 0.4397434213709537 0.022613065326633167 0.48973201634029834 0.022613065326633167 0.48973201634029834 0.30904522613065327 0.4397434213709537 0.30904522613065327
1 0.4803591547835462 0.02010050251256281 0.5303477497528909 0.02010050251256281 0.5303477497528909 0.3065326633165829 0.4803591547835462 0.3065326633165829
0 0.544407042088019 0.02010050251256281 0.5943956370573636 0.02010050251256281 0.5943956370573636 0.3065326633165829 0.544407042088019 0.3065326633165829
1 0.5826795601114235 0.007537688442211055 0.6326681550807682 0.007537688442211055 0.6326681550807682 0.29396984924623115 0.5826795601114235 0.29396984924623115
1 0.620171006338432 0.005025125628140703 0.6701596013077767 0.005025125628140703 0.6701596013077767 0.2914572864321608 0.620171006338432 0.2914572864321608
0 0.6584435243618365 0.010050251256281405 0.7084321193311811 0.010050251256281405 0.7084321193311811 0.2964824120603015 0.6584435243618365 0.2964824120603015
1 0.693591755199657 -8.881784197001253e-18 0.7435803501690016 -8.881784197001253e-18 0.7435803501690016 0.28643216080402006 0.693591755199657 0.28643216080402006
0 0.7295210578338736 0.005025125628140703 0.7795096528032183 0.005025125628140703 0.7795096528032183 0.2914572864321608 0.7295210578338736 0.2914572864321608
1 0.7935689451383463 0.0025125628140703514 0.843557540107691 0.0025125628140703514 0.843557540107691 0.2889447236180904 0.7935689451383463 0.2889447236180904
0 0.8341846785509389 -8.881784197001253e-18 0.8841732735202836 -8.881784197001253e-18 0.8841732735202836 0.28643216080402006 0.8341846785509389 0.28643216080402006
1 0.8693329093887594 -1.3322676295501878e-17 0.9193215043581041 -1.3322676295501878e-17 0.9193215043581041 0.28643216080402006 0.8693329093887594 0.28643216080402006
1 0.9443158018427762 0.010050251256281405 0.9943043968121209 0.010050251256281405 0.9943043968121209 0.2964824120603015 0.9443158018427762 0.2964824120603015
1 0.9068243556157679 0.0 0.9568129505851126 0.0 0.9568129505851126 0.28643216080402006 0.9068243556157679 0.28643216080402006
1 0.6521949499906686 0.587939698492462 0.7092131911275773 0.587939698492462 0.7092131911275773 0.8743718592964818 0.6521949499906686 0.8743718592964818
1 0.7162428372951416 0.5854271356783918 0.7732610784320502 0.5854271356783918 0.7732610784320502 0.8718592964824116 0.7162428372951416 0.8718592964824116
1 0.7834150117851983 0.5854271356783918 0.840433252922107 0.5854271356783918 0.840433252922107 0.8718592964824116 0.7834150117851983 0.8718592964824116
1 0.46395664705923007 0.5728643216080402 0.5139452420285747 0.5728643216080402 0.5139452420285747 0.8592964824120604 0.46395664705923007 0.8592964824120604
1 0.42412198544303353 0.5753768844221107 0.47411058041237825 0.5753768844221107 0.47411058041237825 0.8618090452261308 0.42412198544303353 0.8618090452261308
0 0.38741161101242105 0.5879396984924624 0.43740020598176577 0.5879396984924624 0.43740020598176577 0.8743718592964825 0.38741161101242105 0.8743718592964825
1 0.32336372370794814 0.5954773869346736 0.37335231867729285 0.5954773869346736 0.37335231867729285 0.8819095477386936 0.32336372370794814 0.8819095477386936
1 0.2882154928701276 0.6030150753768847 0.33820408783947226 0.6030150753768847 0.33820408783947226 0.8894472361809047 0.2882154928701276 0.8894472361809047
0 0.2522861902359112 0.6005025125628143 0.30227478520525586 0.6005025125628143 0.30227478520525586 0.8869346733668343 0.2522861902359112 0.8869346733668343
