1 0.22511848341232235 0.12451151575621483 0.3530805687203788 0.12451151575621483 0.3530805687203788 0.4019943222986364 0.22511848341232235 0.4019943222986364
0 0.33886255924170533 0.16364370642245357 0.45971563981042596 0.16364370642245357 0.45971563981042596 0.4126667379348832 0.33886255924170533 0.4126667379348832
0 0.4075829383886256 0.16542244236182807 0.5323854660347549 0.16542244236182807 0.5323854660347549 0.41266673793488323 0.4075829383886256 0.41266673793488323
1 0.47630331753554495 0.1689799142405772 0.5955766192733015 0.1689799142405772 0.5955766192733015 0.42689662544987894 0.47630331753554495 0.42689662544987894
0 0.5410742496050546 0.19210348145244563 0.6635071090047387 0.19210348145244563 0.6635071090047387 0.4322328332680029 0.5410742496050546 0.4322328332680029
1 0.6113744075829388 0.22589946430056126 0.733807266982623 0.22589946430056126 0.733807266982623 0.4606926082979951 0.6113744075829388 0.4606926082979951
0 0.67693522906793 0.21344831272493967 0.7993680884676141 0.21344831272493967 0.7993680884676141 0.47314375987361645 0.67693522906793 0.47314375987361645
0 0.748025276461295 0.22056325648243774 0.8704581358609791 0.22056325648243774 0.8704581358609791 0.4713650239342419 0.748025276461295 0.4713650239342419
1 0.8175355450236963 0.24902303151242974 0.9399684044233805 0.24902303151242974 0.9399684044233805 0.4998247989642339 0.8175355450236963 0.4998247989642339
0 0.7819905213270139 0.6012127475085812 0.904423380726698 0.6012127475085812 0.904423380726698 0.8520145149603854 0.7819905213270139 0.8520145149603854
0 0.7101105845181671 0.5905403318723342 0.8325434439178512 0.5905403318723342 0.8325434439178512 0.8413420993241384 0.7101105845181671 0.8413420993241384
1 0.6342812006319112 0.5887615959329597 0.7567140600315952 0.5887615959329597 0.7567140600315952 0.8395633633847639 0.6342812006319112 0.8395633633847639
1 0.5710900473933646 0.5780891802967127 0.6935229067930486 0.5780891802967127 0.6935229067930486 0.8288909477485169 0.5710900473933646 0.8288909477485169
0 0.5055292259083725 0.5638592927817166 0.6279620853080565 0.5638592927817166 0.6279620853080565 0.8146610602335207 0.5055292259083725 0.8146610602335207
1 0.436808846761453 0.5603018209029677 0.5592417061611371 0.5603018209029677 0.5592417061611371 0.8111035883547718 0.436808846761453 0.8111035883547718
0 0.36650868878356996 0.5531868771454697 0.4889415481832541 0.5531868771454697 0.4889415481832541 0.8039886445972737 0.36650868878356996 0.8039886445972737
0 0.2962085308056868 0.5460719333879717 0.41864139020537094 0.5460719333879717 0.41864139020537094 0.7968737008397758 0.2962085308056868 0.7968737008397758
0 0.2259083728278037 0.5389569896304737 0.3483412322274878 0.5389569896304737 0.3483412322274878 0.7897587570822778 0.2259083728278037 0.7897587570822778
0 0.16192733017377528 0.5318420458729757 0.28436018957345943 0.5318420458729757 0.28436018957345943 0.7826438133247797 0.16192733017377528 0.7826438133247797
