0 0.06684027777777773 0.3671874999999989 0.13454861111111105 0.3671874999999989 0.13454861111111105 0.45052083333333304 0.06684027777777773 0.45052083333333304
0 0.17534722222222185 0.44531249999999856 0.23958333333333284 0.44531249999999856 0.23958333333333284 0.544270833333332 0.17534722222222185 0.544270833333332
0 0.23263888888888876 0.39713541666666624 0.3003472222222212 0.39713541666666624 0.3003472222222212 0.48437499999999967 0.23263888888888876 0.48437499999999967
1 0.1727430555555556 0.32031250000000006 0.24131944444444442 0.32031250000000006 0.24131944444444442 0.41276041666666674 0.1727430555555556 0.41276041666666674
0 0.23350694444444411 0.7057291666666657 0.30208333333333226 0.7057291666666657 0.30208333333333226 0.7994791666666657 0.23350694444444411 0.7994791666666657
0 0.177083333333333 0.7083333333333316 0.23784722222222107 0.7083333333333316 0.23784722222222107 0.8020833333333315 0.177083333333333 0.8020833333333315
1 0.17013888888888895 0.35546875000000006 0.2387152777777778 0.35546875000000006 0.2387152777777778 0.44791666666666674 0.17013888888888895 0.44791666666666674
1 0.3368055555555556 0.35937500000000006 0.4053819444444444 0.35937500000000006 0.4053819444444444 0.45182291666666674 0.3368055555555556 0.45182291666666674
1 0.33593750000000006 0.4036458333333334 0.40451388888888884 0.4036458333333334 0.40451388888888884 0.4960937500000001 0.33593750000000006 0.4960937500000001
1 0.3368055555555556 0.4388020833333334 0.4053819444444444 0.4388020833333334 0.4053819444444444 0.5312500000000001 0.3368055555555556 0.5312500000000001
1 0.3368055555555556 0.5182291666666667 0.4053819444444444 0.5182291666666667 0.4053819444444444 0.6106770833333335 0.3368055555555556 0.6106770833333335
1 0.33767361111111116 0.5703125000000001 0.40625 0.5703125000000001 0.40625 0.6627604166666669 0.33767361111111116 0.6627604166666669
1 0.3984374999999997 0.31119791666666685 0.45920138888888884 0.31119791666666685 0.45920138888888884 0.3997395833333335 0.3984374999999997 0.3997395833333335
1 0.1727430555555556 0.32031250000000006 0.24131944444444442 0.32031250000000006 0.24131944444444442 0.41276041666666674 0.1727430555555556 0.41276041666666674
1 0.39670138888888884 0.35286458333333326 0.4600694444444443 0.35286458333333326 0.4600694444444443 0.44661458333333304 0.39670138888888884 0.44661458333333304
1 0.39670138888888884 0.3971354166666666 0.4600694444444443 0.3971354166666666 0.4600694444444443 0.49088541666666635 0.39670138888888884 0.49088541666666635
0 0.39583333333333326 0.43749999999999994 0.45920138888888873 0.43749999999999994 0.45920138888888873 0.5312499999999998 0.39583333333333326 0.5312499999999998
1 0.39670138888888873 0.48567708333333326 0.46006944444444425 0.48567708333333326 0.46006944444444425 0.5794270833333331 0.39670138888888873 0.5794270833333331
1 0.39670138888888873 0.5299479166666666 0.46006944444444425 0.5299479166666666 0.46006944444444425 0.6236979166666665 0.39670138888888873 0.6236979166666665
0 0.39843749999999983 0.5716145833333334 0.46180555555555536 0.5716145833333334 0.46180555555555536 0.6653645833333333 0.39843749999999983 0.6653645833333333
1 0.39843749999999983 0.6197916666666666 0.46180555555555536 0.6197916666666666 0.46180555555555536 0.7135416666666665 0.39843749999999983 0.7135416666666665
0 0.40017361111111094 0.6575520833333335 0.4635416666666664 0.6575520833333335 0.4635416666666664 0.7513020833333334 0.40017361111111094 0.7513020833333334
1 0.39670138888888856 0.7096354166666669 0.4600694444444441 0.7096354166666669 0.4600694444444441 0.8033854166666667 0.39670138888888856 0.8033854166666667
0 0.39670138888888856 0.7916666666666669 0.4600694444444441 0.7916666666666669 0.4600694444444441 0.8854166666666667 0.39670138888888856 0.8854166666666667
1 0.16927083333333337 0.40234375000000006 0.2378472222222222 0.40234375000000006 0.2378472222222222 0.49479166666666674 0.16927083333333337 0.49479166666666674
1 0.1744791666666663 0.48958333333333187 0.2387152777777773 0.48958333333333187 0.2387152777777773 0.5885416666666654 0.1744791666666663 0.5885416666666654
1 0.1762152777777774 0.5390624999999986 0.24045138888888837 0.5390624999999986 0.24045138888888837 0.638020833333332 0.1762152777777774 0.638020833333332
1 0.1762152777777774 0.5755208333333318 0.24045138888888837 0.5755208333333318 0.24045138888888837 0.6744791666666654 0.1762152777777774 0.6744791666666654
1 0.17534722222222185 0.6184895833333318 0.23958333333333284 0.6184895833333318 0.23958333333333284 0.7174479166666654 0.17534722222222185 0.7174479166666654
1 0.17361111111111074 0.6666666666666652 0.23784722222222174 0.6666666666666652 0.23784722222222174 0.7656249999999988 0.17361111111111074 0.7656249999999988
0 0.17621527777777746 0.7552083333333316 0.2369791666666655 0.7552083333333316 0.2369791666666655 0.8489583333333315 0.17621527777777746 0.8489583333333315
0 0.1736111111111108 0.7955729166666649 0.23437499999999883 0.7955729166666649 0.23437499999999883 0.8893229166666647 0.1736111111111108 0.8893229166666647
1 0.23611111111111083 0.7916666666666649 0.2968749999999989 0.7916666666666649 0.2968749999999989 0.8854166666666647 0.23611111111111083 0.8854166666666647
1 0.23177083333333318 0.44791666666666624 0.29947916666666563 0.44791666666666624 0.29947916666666563 0.5351562499999997 0.23177083333333318 0.5351562499999997
1 0.23524305555555547 0.49218749999999956 0.3029513888888879 0.49218749999999956 0.3029513888888879 0.579427083333333 0.23524305555555547 0.579427083333333
1 0.23177083333333318 0.5377604166666662 0.29947916666666563 0.5377604166666662 0.29947916666666563 0.6249999999999997 0.23177083333333318 0.6249999999999997
1 0.22916666666666646 0.5820312499999994 0.2968749999999989 0.5820312499999994 0.2968749999999989 0.6692708333333329 0.22916666666666646 0.6692708333333329
1 0.22829861111111088 0.6210937499999994 0.2960069444444433 0.6210937499999994 0.2960069444444433 0.7083333333333329 0.22829861111111088 0.7083333333333329
1 0.2291666666666664 0.6744791666666663 0.2968749999999989 0.6744791666666663 0.2968749999999989 0.7617187499999997 0.2291666666666664 0.7617187499999997
1 0.23697916666666646 0.35156249999999956 0.3046874999999989 0.35156249999999956 0.3046874999999989 0.438802083333333 0.23697916666666646 0.438802083333333
1 0.23437499999999986 0.30989583333333287 0.3020833333333323 0.30989583333333287 0.3020833333333323 0.3971354166666663 0.23437499999999986 0.3971354166666663
1 0.06684027777777762 0.42708333333333287 0.13454861111111008 0.42708333333333287 0.13454861111111008 0.5143229166666663 0.06684027777777762 0.5143229166666663
1 0.06510416666666652 0.47526041666666624 0.132812499999999 0.47526041666666624 0.132812499999999 0.5624999999999997 0.06510416666666652 0.5624999999999997
1 0.06510416666666652 0.5169270833333329 0.132812499999999 0.5169270833333329 0.132812499999999 0.6041666666666664 0.06510416666666652 0.6041666666666664
1 0.0694444444444443 0.5572916666666662 0.13715277777777674 0.5572916666666662 0.13715277777777674 0.6445312499999997 0.0694444444444443 0.6445312499999997
1 0.06770833333333319 0.6015624999999994 0.13541666666666566 0.6015624999999994 0.13541666666666566 0.6888020833333329 0.06770833333333319 0.6888020833333329
1 0.06597222222222207 0.6406249999999994 0.13368055555555453 0.6406249999999994 0.13368055555555453 0.7278645833333329 0.06597222222222207 0.7278645833333329
1 0.06770833333333319 0.6848958333333327 0.13541666666666566 0.6848958333333327 0.13541666666666566 0.7721354166666661 0.06770833333333319 0.7721354166666661
1 0.06510416666666652 0.729166666666666 0.132812499999999 0.729166666666666 0.132812499999999 0.8164062499999993 0.06510416666666652 0.8164062499999993
1 0.33767361111111094 0.7591145833333326 0.4053819444444434 0.7591145833333326 0.4053819444444434 0.846354166666666 0.33767361111111094 0.846354166666666
1 0.5017361111111109 0.32421874999999933 0.5694444444444434 0.32421874999999933 0.5694444444444434 0.41145833333333276 0.5017361111111109 0.41145833333333276
1 0.4991319444444443 0.3658854166666659 0.5668402777777768 0.3658854166666659 0.5668402777777768 0.4531249999999994 0.4991319444444443 0.4531249999999994
1 0.499131944444444 0.404947916666666 0.5668402777777765 0.404947916666666 0.5668402777777765 0.497395833333333 0.499131944444444 0.497395833333333
1 0.5026041666666662 0.444010416666666 0.5703124999999987 0.444010416666666 0.5703124999999987 0.536458333333333 0.5026041666666662 0.536458333333333
1 0.5034722222222218 0.49218749999999933 0.5711805555555542 0.49218749999999933 0.5711805555555542 0.5846354166666663 0.5034722222222218 0.5846354166666663
1 0.5017361111111106 0.5351562499999993 0.5694444444444431 0.5351562499999993 0.5694444444444431 0.6276041666666663 0.5017361111111106 0.6276041666666663
1 0.4999999999999995 0.5781249999999993 0.567708333333332 0.5781249999999993 0.567708333333332 0.6705729166666664 0.4999999999999995 0.6705729166666664
1 0.5017361111111106 0.619791666666666 0.5694444444444431 0.619791666666666 0.5694444444444431 0.712239583333333 0.5017361111111106 0.712239583333333
1 0.5624999999999996 0.6992187499999994 0.630208333333332 0.6992187499999994 0.630208333333332 0.7916666666666665 0.5624999999999996 0.7916666666666665
0 0.5017361111111106 0.6640624999999993 0.5694444444444431 0.6640624999999993 0.5694444444444431 0.7565104166666664 0.5017361111111106 0.7565104166666664
0 0.500868055555555 0.7122395833333327 0.5685763888888875 0.7122395833333327 0.5685763888888875 0.8046874999999998 0.500868055555555 0.8046874999999998
0 0.5017361111111106 0.7591145833333327 0.5694444444444431 0.7591145833333327 0.5694444444444431 0.8515624999999998 0.5017361111111106 0.8515624999999998
0 0.5624999999999996 0.662760416666666 0.630208333333332 0.662760416666666 0.630208333333332 0.755208333333333 0.5624999999999996 0.755208333333333
0 0.5598958333333329 0.6171874999999992 0.6276041666666654 0.6171874999999992 0.6276041666666654 0.7096354166666663 0.5598958333333329 0.7096354166666663
1 0.5564236111111107 0.576822916666666 0.6241319444444432 0.576822916666666 0.6241319444444432 0.669270833333333 0.5564236111111107 0.669270833333333
1 0.5624999999999996 0.5169270833333326 0.630208333333332 0.5169270833333326 0.630208333333332 0.6093749999999997 0.5624999999999996 0.6093749999999997
1 0.5572916666666663 0.48437499999999933 0.6249999999999988 0.48437499999999933 0.6249999999999988 0.5768229166666663 0.5572916666666663 0.5768229166666663
1 0.5555555555555551 0.4388020833333326 0.6232638888888876 0.4388020833333326 0.6232638888888876 0.5312499999999997 0.5555555555555551 0.5312499999999997
1 0.5564236111111107 0.39453124999999933 0.6241319444444432 0.39453124999999933 0.6241319444444432 0.48697916666666624 0.5564236111111107 0.48697916666666624
1 0.5572916666666663 0.3541666666666659 0.6249999999999988 0.3541666666666659 0.6249999999999988 0.44661458333333287 0.5572916666666663 0.44661458333333287
1 0.5581597222222219 0.30859374999999933 0.6258680555555544 0.30859374999999933 0.6258680555555544 0.40104166666666624 0.5581597222222219 0.40104166666666624
1 0.7204861111111107 0.5638020833333326 0.7881944444444432 0.5638020833333326 0.7881944444444432 0.6562499999999997 0.7204861111111107 0.6562499999999997
1 0.7204861111111107 0.6132812499999992 0.7881944444444432 0.6132812499999992 0.7881944444444432 0.7057291666666663 0.7204861111111107 0.7057291666666663
0 0.7204861111111107 0.6484374999999993 0.7881944444444432 0.6484374999999993 0.7881944444444432 0.7408854166666664 0.7204861111111107 0.7408854166666664
0 0.7187499999999996 0.7005208333333327 0.786458333333332 0.7005208333333327 0.786458333333332 0.7929687499999998 0.7187499999999996 0.7929687499999998
0 0.6649305555555551 0.7851562499999994 0.7326388888888876 0.7851562499999994 0.7326388888888876 0.8776041666666665 0.6649305555555551 0.8776041666666665
0 0.6657986111111107 0.7434895833333327 0.7335069444444432 0.7434895833333327 0.7335069444444432 0.8359374999999998 0.6657986111111107 0.8359374999999998
0 0.6657986111111107 0.6992187499999994 0.7335069444444432 0.6992187499999994 0.7335069444444432 0.7916666666666665 0.6657986111111107 0.7916666666666665
0 0.6631944444444442 0.6536458333333327 0.7309027777777767 0.6536458333333327 0.7309027777777767 0.7460937499999998 0.6631944444444442 0.7460937499999998
0 0.6623263888888887 0.6041666666666661 0.7300347222222212 0.6041666666666661 0.7300347222222212 0.6966145833333331 0.6623263888888887 0.6966145833333331
1 0.659722222222222 0.5651041666666661 0.7274305555555545 0.5651041666666661 0.7274305555555545 0.657552083333333 0.659722222222222 0.657552083333333
1 0.7239583333333331 0.7825520833333327 0.7916666666666656 0.7825520833333327 0.7916666666666656 0.8749999999999998 0.7239583333333331 0.8749999999999998
1 0.823784722222222 0.5624999999999994 0.8914930555555545 0.5624999999999994 0.8914930555555545 0.6549479166666664 0.823784722222222 0.6549479166666664
0 0.8246527777777763 0.6067708333333318 0.8923611111111086 0.6067708333333318 0.8923611111111086 0.6966145833333333 0.8246527777777763 0.6966145833333333
1 0.8229166666666653 0.6497395833333318 0.8906249999999977 0.6497395833333318 0.8906249999999977 0.7395833333333333 0.8229166666666653 0.7395833333333333
1 0.8272569444444432 0.7005208333333318 0.8949652777777755 0.7005208333333318 0.8949652777777755 0.7903645833333333 0.8272569444444432 0.7903645833333333
0 0.8272569444444432 0.7421874999999987 0.8949652777777755 0.7421874999999987 0.8949652777777755 0.83203125 0.8272569444444432 0.83203125
0 0.8906249999999987 0.6861979166666652 0.958333333333331 0.6861979166666652 0.958333333333331 0.7760416666666666 0.8906249999999987 0.7760416666666666
1 0.8897569444444433 0.6497395833333318 0.9574652777777757 0.6497395833333318 0.9574652777777757 0.7395833333333333 0.8897569444444433 0.7395833333333333
1 0.8880208333333321 0.6002604166666652 0.9557291666666645 0.6002604166666652 0.9557291666666645 0.6901041666666666 0.8880208333333321 0.6901041666666666
1 0.8845486111111099 0.5585937499999986 0.9522569444444423 0.5585937499999986 0.9522569444444423 0.6484374999999999 0.8845486111111099 0.6484374999999999
1 0.8897569444444433 0.7747395833333318 0.9574652777777757 0.7747395833333318 0.9574652777777757 0.8645833333333333 0.8897569444444433 0.8645833333333333
1 0.73611111111111 0.3867187499999985 0.8038194444444423 0.3867187499999985 0.8038194444444423 0.4765624999999999 0.73611111111111 0.4765624999999999
1 0.7621527777777767 0.3828124999999985 0.8298611111111089 0.3828124999999985 0.8298611111111089 0.4726562499999999 0.7621527777777767 0.4726562499999999
1 0.7907986111111099 0.38802083333333187 0.8585069444444423 0.38802083333333187 0.8585069444444423 0.47786458333333326 0.7907986111111099 0.47786458333333326
1 0.8185763888888878 0.3867187499999985 0.8862847222222201 0.3867187499999985 0.8862847222222201 0.4765624999999999 0.8185763888888878 0.4765624999999999
1 0.8454861111111099 0.38411458333333187 0.9131944444444423 0.38411458333333187 0.9131944444444423 0.47395833333333326 0.8454861111111099 0.47395833333333326
1 0.8758680555555545 0.38411458333333187 0.9435763888888868 0.38411458333333187 0.9435763888888868 0.47395833333333326 0.8758680555555545 0.47395833333333326
1 0.6744791666666656 0.38151041666666513 0.742187499999998 0.38151041666666513 0.742187499999998 0.4713541666666665 0.6744791666666656 0.4713541666666665
1 0.5598958333333324 0.7812499999999987 0.6276041666666647 0.7812499999999987 0.6276041666666647 0.87109375 0.5598958333333324 0.87109375
1 0.12152777777777675 0.11848958333333169 0.15711805555555336 0.11848958333333169 0.15711805555555336 0.20833333333333304 0.12152777777777675 0.20833333333333304
1 0.1458333333333323 0.11458333333333169 0.1814236111111089 0.11458333333333169 0.1814236111111089 0.20442708333333304 0.1458333333333323 0.20442708333333304
1 0.17013888888888784 0.11197916666666502 0.2057291666666645 0.11197916666666502 0.2057291666666645 0.20182291666666638 0.17013888888888784 0.20182291666666638
1 0.19357638888888784 0.11458333333333169 0.22916666666666444 0.11458333333333169 0.22916666666666444 0.20442708333333304 0.19357638888888784 0.20442708333333304
1 0.218749999999999 0.11458333333333169 0.2543402777777756 0.11458333333333169 0.2543402777777756 0.20442708333333304 0.218749999999999 0.20442708333333304
1 0.24305555555555458 0.11458333333333169 0.2786458333333312 0.11458333333333169 0.2786458333333312 0.20442708333333304 0.24305555555555458 0.20442708333333304
1 0.2682291666666657 0.11588541666666502 0.3038194444444423 0.11588541666666502 0.3038194444444423 0.20572916666666638 0.2682291666666657 0.20572916666666638
1 0.2907986111111101 0.11328124999999835 0.32638888888888673 0.11328124999999835 0.32638888888888673 0.2031249999999997 0.2907986111111101 0.2031249999999997
1 0.3168402777777768 0.11328124999999835 0.3524305555555534 0.11328124999999835 0.3524305555555534 0.2031249999999997 0.3168402777777768 0.2031249999999997
1 0.34027777777777674 0.11328124999999839 0.37586805555555336 0.11328124999999839 0.37586805555555336 0.21223958333333307 0.34027777777777674 0.21223958333333307
1 0.36545138888888784 0.11328124999999839 0.4010416666666644 0.11328124999999839 0.4010416666666644 0.21223958333333307 0.36545138888888784 0.21223958333333307
1 0.38888888888888784 0.11197916666666508 0.4244791666666644 0.11197916666666508 0.4244791666666644 0.21093749999999972 0.38888888888888784 0.21093749999999972
1 0.41232638888888784 0.11067708333333172 0.4479166666666644 0.11067708333333172 0.4479166666666644 0.20963541666666638 0.41232638888888784 0.20963541666666638
1 0.4374999999999989 0.11197916666666508 0.47309027777777546 0.11197916666666508 0.47309027777777546 0.21093749999999972 0.4374999999999989 0.21093749999999972
1 0.46267361111111005 0.10937499999999839 0.4982638888888867 0.10937499999999839 0.4982638888888867 0.20833333333333307 0.46267361111111005 0.20833333333333307
1 0.48784722222222116 0.10807291666666508 0.5234374999999978 0.10807291666666508 0.5234374999999978 0.20703124999999972 0.48784722222222116 0.20703124999999972
1 0.5121527777777767 0.10937499999999839 0.5477430555555532 0.10937499999999839 0.5477430555555532 0.20833333333333307 0.5121527777777767 0.20833333333333307
1 0.5364583333333323 0.10416666666666508 0.5720486111111088 0.10416666666666508 0.5720486111111088 0.20312499999999972 0.5364583333333323 0.20312499999999972
1 0.5624999999999989 0.10286458333333172 0.5980902777777755 0.10286458333333172 0.5980902777777755 0.20182291666666638 0.5624999999999989 0.20182291666666638
1 0.5885416666666656 0.10937499999999839 0.6241319444444422 0.10937499999999839 0.6241319444444422 0.20833333333333307 0.5885416666666656 0.20833333333333307
1 0.6111111111111102 0.11067708333333172 0.6467013888888867 0.11067708333333172 0.6467013888888867 0.20963541666666638 0.6111111111111102 0.20963541666666638
1 0.6397569444444434 0.11067708333333172 0.67534722222222 0.11067708333333172 0.67534722222222 0.20963541666666638 0.6397569444444434 0.20963541666666638
1 0.06770833333333223 0.20052083333333137 0.13541666666666435 0.20052083333333137 0.13541666666666435 0.25390624999999944 0.06770833333333223 0.25390624999999944
1 0.06770833333333223 0.23437499999999808 0.13541666666666435 0.23437499999999808 0.13541666666666435 0.2877604166666662 0.06770833333333223 0.2877604166666662
1 0.06770833333333223 0.26953124999999806 0.13541666666666435 0.26953124999999806 0.13541666666666435 0.32291666666666613 0.06770833333333223 0.32291666666666613
